# transform file /localscratch/bpinsard.41537205.0/freesurfer_longitudinal_autoreconall_sub03.job/sub-03_ses-001.long.sub-03/mri/transforms/cc_up.lta
# created by bpinsard on Sat Oct 14 15:29:56 2023

type      = 0 # LINEAR_VOX_TO_VOX
nxforms   = 1
mean      = 160.0000 166.0000 166.0000
sigma     = 10000.0000
1 4 4
9.999724030494690e-01 -6.114337127655745e-03 -4.236734006553888e-03 -2.951017379760742e+01 
6.114282179623842e-03 9.999813437461853e-01 -2.590530129964463e-05 -1.197180747985840e+01 
4.236813168972731e-03 -1.818989620386291e-12 9.999910593032837e-01 -2.267654609680176e+01 
0.000000000000000e+00 0.000000000000000e+00 0.000000000000000e+00 1.000000000000000e+00 
src volume info
valid = 1  # volume info valid
filename = /localscratch/bpinsard.41537205.0/freesurfer_longitudinal_autoreconall_sub03.job/sub-03_ses-001.long.sub-03/mri/norm.mgz
volume = 320 320 320
voxelsize = 8.000000119209290e-01 8.000000119209290e-01 8.000000119209290e-01
xras   = -1.000000000000000e+00 2.714660440883421e-10 1.552212663957775e-10
yras   = -1.552212663957775e-10 -1.212514897513950e-12 -1.000000000000000e+00
zras   = 2.714660163327665e-10 1.000000000000000e+00 -1.212756674598414e-12
cras   = 1.456940054893494e+00 4.725877285003662e+00 2.022341346740723e+01
dst volume info
valid = 1  # volume info valid
filename = /localscratch/bpinsard.41537205.0/freesurfer_longitudinal_autoreconall_sub03.job/sub-03_ses-001.long.sub-03/mri/norm.mgz
volume = 320 320 320
voxelsize = 8.000000119209290e-01 8.000000119209290e-01 8.000000119209290e-01
xras   = -1.000000000000000e+00 2.714660440883421e-10 1.552212663957775e-10
yras   = -1.552212663957775e-10 -1.212514897513950e-12 -1.000000000000000e+00
zras   = 2.714660163327665e-10 1.000000000000000e+00 -1.212756674598414e-12
cras   = 1.456940054893494e+00 4.725877285003662e+00 2.022341346740723e+01
