# transform file /localscratch/bpinsard.41394417.0/freesurfer_crosssectional_autorecon1smriprep_skullstripautorecon2autorecon3_sub01_ses006.job/sub-01_ses-006/mri/transforms/cc_up.lta
# created by bpinsard on Thu Oct  5 15:25:36 2023

type      = 0 # LINEAR_VOX_TO_VOX
nxforms   = 1
mean      = 162.0000 128.0000 138.0000
sigma     = 10000.0000
1 4 4
9.957828521728516e-01 -3.902246803045273e-02 -8.302981406450272e-02 -1.472058296203613e+01 
3.888751938939095e-02 9.992384314537048e-01 -3.242498030886054e-03 2.235022163391113e+01 
8.309310674667358e-02 2.328306714094452e-10 9.965418577194214e-01 -1.368259906768799e+01 
0.000000000000000e+00 0.000000000000000e+00 0.000000000000000e+00 1.000000000000000e+00 
src volume info
valid = 1  # volume info valid
filename = /localscratch/bpinsard.41394417.0/freesurfer_crosssectional_autorecon1smriprep_skullstripautorecon2autorecon3_sub01_ses006.job/sub-01_ses-006/mri/norm.mgz
volume = 320 320 320
voxelsize = 7.999954223632812e-01 7.999954223632812e-01 7.999954223632812e-01
xras   = -1.000000000000000e+00 0.000000000000000e+00 0.000000000000000e+00
yras   = 0.000000000000000e+00 0.000000000000000e+00 -1.000000000000000e+00
zras   = 0.000000000000000e+00 1.000000000000000e+00 0.000000000000000e+00
cras   = 1.605278015136719e+00 3.061859130859375e+01 -1.529808044433594e+01
dst volume info
valid = 1  # volume info valid
filename = /localscratch/bpinsard.41394417.0/freesurfer_crosssectional_autorecon1smriprep_skullstripautorecon2autorecon3_sub01_ses006.job/sub-01_ses-006/mri/norm.mgz
volume = 320 320 320
voxelsize = 7.999954223632812e-01 7.999954223632812e-01 7.999954223632812e-01
xras   = -1.000000000000000e+00 0.000000000000000e+00 0.000000000000000e+00
yras   = 0.000000000000000e+00 0.000000000000000e+00 -1.000000000000000e+00
zras   = 0.000000000000000e+00 1.000000000000000e+00 0.000000000000000e+00
cras   = 1.605278015136719e+00 3.061859130859375e+01 -1.529808044433594e+01
