# transform file /localscratch/bpinsard.41537206.0/freesurfer_longitudinal_autoreconall_sub05.job/sub-05_ses-007.long.sub-05/mri/transforms/cc_up.lta
# created by bpinsard on Sat Oct 14 01:33:20 2023

type      = 0 # LINEAR_VOX_TO_VOX
nxforms   = 1
mean      = 159.0000 165.0000 170.0000
sigma     = 10000.0000
1 4 4
9.999566078186035e-01 1.142767607234418e-03 -9.246435947716236e-03 -2.989203834533691e+01 
-1.142718712799251e-03 9.999993443489075e-01 1.056653491104953e-05 -1.681965637207031e+01 
9.246441535651684e-03 -9.094947017729282e-13 9.999572634696960e-01 -1.046432399749756e+01 
0.000000000000000e+00 0.000000000000000e+00 0.000000000000000e+00 1.000000000000000e+00 
src volume info
valid = 1  # volume info valid
filename = /localscratch/bpinsard.41537206.0/freesurfer_longitudinal_autoreconall_sub05.job/sub-05_ses-007.long.sub-05/mri/norm.mgz
volume = 320 320 320
voxelsize = 8.000000119209290e-01 8.000000119209290e-01 8.000000119209290e-01
xras   = -1.000000000000000e+00 0.000000000000000e+00 0.000000000000000e+00
yras   = 0.000000000000000e+00 0.000000000000000e+00 -1.000000000000000e+00
zras   = 0.000000000000000e+00 1.000000000000000e+00 0.000000000000000e+00
cras   = -2.421693563461304e+00 3.640967845916748e+00 1.867736244201660e+01
dst volume info
valid = 1  # volume info valid
filename = /localscratch/bpinsard.41537206.0/freesurfer_longitudinal_autoreconall_sub05.job/sub-05_ses-007.long.sub-05/mri/norm.mgz
volume = 320 320 320
voxelsize = 8.000000119209290e-01 8.000000119209290e-01 8.000000119209290e-01
xras   = -1.000000000000000e+00 0.000000000000000e+00 0.000000000000000e+00
yras   = 0.000000000000000e+00 0.000000000000000e+00 -1.000000000000000e+00
zras   = 0.000000000000000e+00 1.000000000000000e+00 0.000000000000000e+00
cras   = -2.421693563461304e+00 3.640967845916748e+00 1.867736244201660e+01
