# transform file /localscratch/bpinsard.41537206.0/freesurfer_longitudinal_autoreconall_sub05.job/sub-05_ses-013.long.sub-05/mri/transforms/cc_up.lta
# created by bpinsard on Fri Oct 13 01:33:53 2023

type      = 0 # LINEAR_VOX_TO_VOX
nxforms   = 1
mean      = 160.0000 165.0000 170.0000
sigma     = 10000.0000
1 4 4
9.999410510063171e-01 2.137475647032261e-03 -1.063876133412123e-02 -2.984090995788574e+01 
-2.137354575097561e-03 9.999976754188538e-01 2.274014514114242e-05 -1.566294956207275e+01 
1.063878554850817e-02 0.000000000000000e+00 9.999433755874634e-01 -1.068380832672119e+01 
0.000000000000000e+00 0.000000000000000e+00 0.000000000000000e+00 1.000000000000000e+00 
src volume info
valid = 1  # volume info valid
filename = /localscratch/bpinsard.41537206.0/freesurfer_longitudinal_autoreconall_sub05.job/sub-05_ses-013.long.sub-05/mri/norm.mgz
volume = 320 320 320
voxelsize = 8.000000119209290e-01 8.000000119209290e-01 8.000000119209290e-01
xras   = -1.000000000000000e+00 0.000000000000000e+00 0.000000000000000e+00
yras   = 0.000000000000000e+00 0.000000000000000e+00 -1.000000000000000e+00
zras   = 0.000000000000000e+00 1.000000000000000e+00 0.000000000000000e+00
cras   = -2.421693563461304e+00 3.640967845916748e+00 1.867736244201660e+01
dst volume info
valid = 1  # volume info valid
filename = /localscratch/bpinsard.41537206.0/freesurfer_longitudinal_autoreconall_sub05.job/sub-05_ses-013.long.sub-05/mri/norm.mgz
volume = 320 320 320
voxelsize = 8.000000119209290e-01 8.000000119209290e-01 8.000000119209290e-01
xras   = -1.000000000000000e+00 0.000000000000000e+00 0.000000000000000e+00
yras   = 0.000000000000000e+00 0.000000000000000e+00 -1.000000000000000e+00
zras   = 0.000000000000000e+00 1.000000000000000e+00 0.000000000000000e+00
cras   = -2.421693563461304e+00 3.640967845916748e+00 1.867736244201660e+01
