type      = 0 # LINEAR_VOX_TO_VOX
nxforms   = 1
mean      = 0.0000 0.0000 0.0000
sigma     = 1.0000
1 4 4
8.641960620880127e-01 -2.113981358706951e-02 -3.012190386652946e-02 -4.939819335937500e+00 
2.498227171599865e-02 9.203931093215942e-01 7.080026715993881e-02 1.228256225585938e+00 
2.801153808832169e-02 -6.615148484706879e-02 8.500755429267883e-01 -5.917602539062500e+00 
0.000000000000000e+00 0.000000000000000e+00 0.000000000000000e+00 1.000000000000000e+00 
src volume info
valid = 1  # volume info valid
filename = /localscratch/bpinsard.41394465.0/freesurfer_crosssectional_autorecon1smriprep_skullstripautorecon2autorecon3_sub03_ses011.job/sub-03_ses-011/mri/orig.mgz
volume = 320 320 320
voxelsize = 7.999979257583618e-01 7.999979257583618e-01 7.999979257583618e-01
xras   = -1.000000000000000e+00 0.000000000000000e+00 0.000000000000000e+00
yras   = 0.000000000000000e+00 0.000000000000000e+00 -1.000000000000000e+00
zras   = 9.313249726972117e-09 9.999999403953552e-01 0.000000000000000e+00
cras   = 2.398635864257812e+00 2.595182037353516e+01 -1.390560913085938e+01
dst volume info
valid = 1  # volume info valid
filename = /opt/freesurfer/average/mni305.cor.mgz
volume = 256 256 256
voxelsize = 1.000000000000000e+00 1.000000000000000e+00 1.000000000000000e+00
xras   = -1.000000000000000e+00 0.000000000000000e+00 0.000000000000000e+00
yras   = 0.000000000000000e+00 0.000000000000000e+00 -1.000000000000000e+00
zras   = 0.000000000000000e+00 1.000000000000000e+00 0.000000000000000e+00
cras   = 0.000000000000000e+00 0.000000000000000e+00 0.000000000000000e+00
subject fsaverage
fscale 0.100000
