# transform file transforms/talairach.lta
# created by bpinsard on Thu Oct  5 13:21:17 2023

type      = 0 # LINEAR_VOX_TO_VOX
nxforms   = 1
mean      = 161.0000 116.0000 140.0000
sigma     = 10000.0000
1 4 4
8.306544423103333e-01 2.887772023677826e-02 -3.763657435774803e-02 -6.261634349822998e+00 
-2.157619595527649e-02 9.186370968818665e-01 2.297666156664491e-03 2.019311332702637e+01 
3.524809703230858e-02 -1.592750428244472e-03 7.982895970344543e-01 -1.001682186126709e+01 
0.000000000000000e+00 0.000000000000000e+00 0.000000000000000e+00 1.000000000000000e+00 
src volume info
valid = 1  # volume info valid
filename = nu.mgz
volume = 320 320 320
voxelsize = 7.999979257583618e-01 7.999979257583618e-01 7.999979257583618e-01
xras   = -1.000000000000000e+00 0.000000000000000e+00 0.000000000000000e+00
yras   = 0.000000000000000e+00 0.000000000000000e+00 -1.000000000000000e+00
zras   = 9.313249726972117e-09 9.999999403953552e-01 0.000000000000000e+00
cras   = 2.398635864257812e+00 2.595182037353516e+01 -1.390560913085938e+01
dst volume info
valid = 1  # volume info valid
filename = /opt/freesurfer/average/RB_all_2020-01-02.gca
volume = 256 256 256
voxelsize = 1.000000000000000e+00 1.000000000000000e+00 1.000000000000000e+00
xras   = -1.000000000000000e+00 0.000000000000000e+00 0.000000000000000e+00
yras   = 0.000000000000000e+00 0.000000000000000e+00 -1.000000000000000e+00
zras   = 0.000000000000000e+00 1.000000000000000e+00 0.000000000000000e+00
cras   = 0.000000000000000e+00 0.000000000000000e+00 0.000000000000000e+00
