type      = 1 # LINEAR_RAS_TO_RAS
nxforms   = 1
mean      = 0.0000 0.0000 0.0000
sigma     = 1.0000
1 4 4
1.080247879028320e+00 3.765247017145157e-02 -2.642483636736870e-02 -1.065399169921875e+00 
-3.501451388001442e-02 1.062597274780273e+00 8.268956840038300e-02 -3.035040664672852e+01 
3.122792020440102e-02 -8.850056678056717e-02 1.150494337081909e+00 -1.759617614746094e+01 
0.000000000000000e+00 0.000000000000000e+00 0.000000000000000e+00 1.000000000000000e+00 
src volume info
valid = 1  # volume info valid
filename = /localscratch/bpinsard.41394465.0/freesurfer_crosssectional_autorecon1smriprep_skullstripautorecon2autorecon3_sub03_ses011.job/sub-03_ses-011/mri/orig_nu.mgz
volume = 320 320 320
voxelsize = 7.999979257583618e-01 7.999979257583618e-01 7.999979257583618e-01
xras   = -1.000000000000000e+00 0.000000000000000e+00 0.000000000000000e+00
yras   = 0.000000000000000e+00 0.000000000000000e+00 -1.000000000000000e+00
zras   = 9.313249726972117e-09 9.999999403953552e-01 0.000000000000000e+00
cras   = 2.398635864257812e+00 2.595182037353516e+01 -1.390560913085938e+01
dst volume info
valid = 1  # volume info valid
filename = /opt/freesurfer/mni/bin/../share/mni_autoreg/average_305.mnc
volume = 172 220 156
voxelsize = 1.000000000000000e+00 1.000000000000000e+00 1.000000000000000e+00
xras   = 1.000000000000000e+00 0.000000000000000e+00 0.000000000000000e+00
yras   = 0.000000000000000e+00 1.000000000000000e+00 0.000000000000000e+00
zras   = 0.000000000000000e+00 0.000000000000000e+00 1.000000000000000e+00
cras   = -9.499999880790710e-02 -1.651000022888184e+01 9.750000000000000e+00
subject fsaverage
fscale 0.100000
