# transform file /localscratch/bpinsard.41547889.0/freesurfer_longitudinal_autoreconall_sub01.job/sub-01_ses-003.long.sub-01/mri/transforms/cc_up.lta
# created by bpinsard on Sun Oct 15 04:42:10 2023

type      = 0 # LINEAR_VOX_TO_VOX
nxforms   = 1
mean      = 161.0000 166.0000 164.0000
sigma     = 10000.0000
1 4 4
9.973021745681763e-01 -1.169126480817795e-02 -7.246990501880646e-02 -1.755415344238281e+01 
1.166051998734474e-02 9.999317526817322e-01 -8.473227499052882e-04 -7.710991382598877e+00 
7.247485965490341e-02 -5.820766785236131e-11 9.973703026771545e-01 -4.110800170898438e+01 
0.000000000000000e+00 0.000000000000000e+00 0.000000000000000e+00 1.000000000000000e+00 
src volume info
valid = 1  # volume info valid
filename = /localscratch/bpinsard.41547889.0/freesurfer_longitudinal_autoreconall_sub01.job/sub-01_ses-003.long.sub-01/mri/norm.mgz
volume = 320 320 320
voxelsize = 8.000000119209290e-01 8.000000119209290e-01 8.000000119209290e-01
xras   = -1.000000000000000e+00 4.986808188611747e-10 -8.315380328749455e-11
yras   = 8.315380328749455e-11 -7.979727989493313e-17 -1.000000000000000e+00
zras   = 4.986808743723259e-10 1.000000000000000e+00 -5.350537721215964e-17
cras   = 9.673804044723511e-01 7.268080711364746e+00 2.035050201416016e+01
dst volume info
valid = 1  # volume info valid
filename = /localscratch/bpinsard.41547889.0/freesurfer_longitudinal_autoreconall_sub01.job/sub-01_ses-003.long.sub-01/mri/norm.mgz
volume = 320 320 320
voxelsize = 8.000000119209290e-01 8.000000119209290e-01 8.000000119209290e-01
xras   = -1.000000000000000e+00 4.986808188611747e-10 -8.315380328749455e-11
yras   = 8.315380328749455e-11 -7.979727989493313e-17 -1.000000000000000e+00
zras   = 4.986808743723259e-10 1.000000000000000e+00 -5.350537721215964e-17
cras   = 9.673804044723511e-01 7.268080711364746e+00 2.035050201416016e+01
