# transform file transforms/talairach.lta
# created by bpinsard on Thu Oct  5 13:28:30 2023

type      = 0 # LINEAR_VOX_TO_VOX
nxforms   = 1
mean      = 161.0000 123.0000 143.0000
sigma     = 10000.0000
1 4 4
8.623930811882019e-01 -7.689388003200293e-03 -2.668708562850952e-02 -9.536522865295410e+00 
4.487251862883568e-03 8.727030754089355e-01 4.569754377007484e-02 5.574765682220459e+00 
2.910279296338558e-02 -3.404169529676437e-02 8.295879960060120e-01 -9.827647209167480e+00 
0.000000000000000e+00 0.000000000000000e+00 0.000000000000000e+00 1.000000000000000e+00 
src volume info
valid = 1  # volume info valid
filename = nu.mgz
volume = 320 320 320
voxelsize = 8.000000119209290e-01 8.000000119209290e-01 8.000000119209290e-01
xras   = -9.999998807907104e-01 0.000000000000000e+00 4.656612873077393e-09
yras   = 4.656612873077393e-09 0.000000000000000e+00 -9.999999403953552e-01
zras   = 0.000000000000000e+00 9.999999403953552e-01 0.000000000000000e+00
cras   = -2.378768920898438e-01 2.593256378173828e+01 -1.388891601562500e+01
dst volume info
valid = 1  # volume info valid
filename = /opt/freesurfer/average/RB_all_2020-01-02.gca
volume = 256 256 256
voxelsize = 1.000000000000000e+00 1.000000000000000e+00 1.000000000000000e+00
xras   = -1.000000000000000e+00 0.000000000000000e+00 0.000000000000000e+00
yras   = 0.000000000000000e+00 0.000000000000000e+00 -1.000000000000000e+00
zras   = 0.000000000000000e+00 1.000000000000000e+00 0.000000000000000e+00
cras   = 0.000000000000000e+00 0.000000000000000e+00 0.000000000000000e+00
