# transform file /localscratch/bpinsard.41394444.0/freesurfer_crosssectional_autorecon1smriprep_skullstripautorecon2autorecon3_sub02_ses005.job/sub-02_ses-005/mri/transforms/cc_up.lta
# created by bpinsard on Thu Oct  5 16:16:37 2023

type      = 0 # LINEAR_VOX_TO_VOX
nxforms   = 1
mean      = 157.0000 166.0000 138.0000
sigma     = 10000.0000
1 4 4
9.988455772399902e-01 1.171183586120605e-02 -4.658880457282066e-02 -2.484752273559570e+01 
-1.169911678880453e-02 9.999315142631531e-01 5.456778453662992e-04 -1.421964073181152e+01 
4.659200087189674e-02 0.000000000000000e+00 9.989140629768372e-01 2.084025192260742e+01 
0.000000000000000e+00 0.000000000000000e+00 0.000000000000000e+00 1.000000000000000e+00 
src volume info
valid = 1  # volume info valid
filename = /localscratch/bpinsard.41394444.0/freesurfer_crosssectional_autorecon1smriprep_skullstripautorecon2autorecon3_sub02_ses005.job/sub-02_ses-005/mri/norm.mgz
volume = 320 320 320
voxelsize = 7.999954223632812e-01 7.999954223632812e-01 7.999954223632812e-01
xras   = -1.000000000000000e+00 0.000000000000000e+00 0.000000000000000e+00
yras   = 0.000000000000000e+00 0.000000000000000e+00 -1.000000000000000e+00
zras   = 0.000000000000000e+00 1.000000000000000e+00 0.000000000000000e+00
cras   = -2.019500732421875e-01 2.410752868652344e+01 -1.116802978515625e+01
dst volume info
valid = 1  # volume info valid
filename = /localscratch/bpinsard.41394444.0/freesurfer_crosssectional_autorecon1smriprep_skullstripautorecon2autorecon3_sub02_ses005.job/sub-02_ses-005/mri/norm.mgz
volume = 320 320 320
voxelsize = 7.999954223632812e-01 7.999954223632812e-01 7.999954223632812e-01
xras   = -1.000000000000000e+00 0.000000000000000e+00 0.000000000000000e+00
yras   = 0.000000000000000e+00 0.000000000000000e+00 -1.000000000000000e+00
zras   = 0.000000000000000e+00 1.000000000000000e+00 0.000000000000000e+00
cras   = -2.019500732421875e-01 2.410752868652344e+01 -1.116802978515625e+01
