# transform file transforms/talairach_with_skull.lta
# created by bpinsard on Thu Oct  5 12:31:58 2023

type      = 0 # LINEAR_VOX_TO_VOX
nxforms   = 1
mean      = 160.0000 185.0000 143.0000
sigma     = 10000.0000
1 4 4
8.882442712783813e-01 2.268116548657417e-02 -5.748878791928291e-02 -9.862754821777344e+00 
-4.423845093697309e-04 7.742369771003723e-01 3.305899798870087e-01 -4.704793548583984e+01 
5.407189205288887e-02 -3.150869607925415e-01 8.173949718475342e-01 3.605966949462891e+01 
0.000000000000000e+00 0.000000000000000e+00 0.000000000000000e+00 1.000000000000000e+00 
src volume info
valid = 1  # volume info valid
filename = nu.mgz
volume = 320 320 320
voxelsize = 7.999954223632812e-01 7.999954223632812e-01 7.999954223632812e-01
xras   = -1.000000000000000e+00 0.000000000000000e+00 0.000000000000000e+00
yras   = 0.000000000000000e+00 0.000000000000000e+00 -1.000000000000000e+00
zras   = 0.000000000000000e+00 1.000000000000000e+00 0.000000000000000e+00
cras   = -2.019500732421875e-01 2.410752868652344e+01 -1.116802978515625e+01
dst volume info
valid = 1  # volume info valid
filename = /opt/freesurfer/average/RB_all_withskull_2020_01_02.gca
volume = 256 256 256
voxelsize = 1.000000000000000e+00 1.000000000000000e+00 1.000000000000000e+00
xras   = -1.000000000000000e+00 0.000000000000000e+00 0.000000000000000e+00
yras   = 0.000000000000000e+00 0.000000000000000e+00 -1.000000000000000e+00
zras   = 0.000000000000000e+00 1.000000000000000e+00 0.000000000000000e+00
cras   = 0.000000000000000e+00 0.000000000000000e+00 0.000000000000000e+00
