# transform file /localscratch/bpinsard.41510482.0/freesurfer_template_autoreconall_sub06.job/sub-06/mri/transforms/sub-06_ses-004_to_sub-06.lta
# created by bpinsard on Wed Oct 11 19:51:32 2023

type      = 1 # LINEAR_RAS_TO_RAS
nxforms   = 1
mean      = 160.0000 114.0000 141.0000
sigma     = 10000.0000
1 4 4
9.998278021812439e-01 -1.222532894462347e-02 -1.397178228944540e-02 5.136795043945312e-01 
1.217060722410679e-02 9.999181032180786e-01 -3.994861152023077e-03 2.899017333984375e-01 
1.401947438716888e-02 3.824127838015556e-03 9.998945593833923e-01 -1.002444458007812e+01 
0.000000000000000e+00 0.000000000000000e+00 0.000000000000000e+00 1.000000000000000e+00 
src volume info
valid = 1  # volume info valid
filename = /localscratch/bpinsard.41510482.0/freesurfer_template_autoreconall_sub06.job/sub-06_ses-004/mri/norm.mgz
volume = 320 320 320
voxelsize = 7.999954223632812e-01 7.999954223632812e-01 7.999954223632812e-01
xras   = -1.000000000000000e+00 0.000000000000000e+00 0.000000000000000e+00
yras   = 0.000000000000000e+00 0.000000000000000e+00 -1.000000000000000e+00
zras   = 0.000000000000000e+00 1.000000000000000e+00 0.000000000000000e+00
cras   = -2.019500732421875e-01 2.593258666992188e+01 -1.390560913085938e+01
dst volume info
valid = 1  # volume info valid
filename = /localscratch/bpinsard.41510482.0/freesurfer_template_autoreconall_sub06.job/sub-06/mri/norm_template.mgz
volume = 320 320 320
voxelsize = 8.000000119209290e-01 8.000000119209290e-01 8.000000119209290e-01
xras   = -1.000000000000000e+00 -1.663076065749891e-10 0.000000000000000e+00
yras   = 0.000000000000000e+00 0.000000000000000e+00 -1.000000000000000e+00
zras   = -1.663076065749891e-10 1.000000000000000e+00 0.000000000000000e+00
cras   = -1.959856003522873e-01 7.072904109954834e+00 1.618380737304688e+01
