# transform file /localscratch/bpinsard.41510482.0/freesurfer_template_autoreconall_sub06.job/sub-06/mri/transforms/sub-06_ses-005_to_sub-06.lta
# created by bpinsard on Wed Oct 11 19:51:32 2023

type      = 1 # LINEAR_RAS_TO_RAS
nxforms   = 1
mean      = 161.0000 130.0000 145.0000
sigma     = 10000.0000
1 4 4
9.995920062065125e-01 -4.630432813428342e-04 2.855560183525085e-02 -1.823425292968750e-03 
7.708449847996235e-04 9.999417662620544e-01 -1.076896395534277e-02 6.576766967773438e-01 
-2.854895405471325e-02 1.078658178448677e-02 9.995341300964355e-01 -2.285171508789062e+00 
0.000000000000000e+00 0.000000000000000e+00 0.000000000000000e+00 1.000000000000000e+00 
src volume info
valid = 1  # volume info valid
filename = /localscratch/bpinsard.41510482.0/freesurfer_template_autoreconall_sub06.job/sub-06_ses-005/mri/norm.mgz
volume = 320 320 320
voxelsize = 7.999954223632812e-01 7.999954223632812e-01 7.999954223632812e-01
xras   = -1.000000000000000e+00 0.000000000000000e+00 0.000000000000000e+00
yras   = 0.000000000000000e+00 0.000000000000000e+00 -1.000000000000000e+00
zras   = 0.000000000000000e+00 1.000000000000000e+00 0.000000000000000e+00
cras   = 4.004592895507812e-01 2.292053222656250e+01 -9.086334228515625e+00
dst volume info
valid = 1  # volume info valid
filename = /localscratch/bpinsard.41510482.0/freesurfer_template_autoreconall_sub06.job/sub-06/mri/norm_template.mgz
volume = 320 320 320
voxelsize = 8.000000119209290e-01 8.000000119209290e-01 8.000000119209290e-01
xras   = -1.000000000000000e+00 -1.663076065749891e-10 0.000000000000000e+00
yras   = 0.000000000000000e+00 0.000000000000000e+00 -1.000000000000000e+00
zras   = -1.663076065749891e-10 1.000000000000000e+00 0.000000000000000e+00
cras   = -1.959856003522873e-01 7.072904109954834e+00 1.618380737304688e+01
