type      = 0 # LINEAR_VOX_TO_VOX
nxforms   = 1
mean      = 160.0000 129.0000 148.0000
sigma     = 10000.0000
1 4 4
9.997481107711792e-01 -1.234781369566917e-02 1.872686482965946e-02 6.232452392578125e-01 
1.240333449095488e-02 9.999188780784607e-01 -2.851522061973810e-03 -3.696867370605469e+01 
-1.869013905525208e-02 3.083079587668180e-03 9.998204708099365e-01 -1.461557006835938e+01 
0.000000000000000e+00 0.000000000000000e+00 0.000000000000000e+00 1.000000000000000e+00 
src volume info
valid = 1  # volume info valid
filename = /localscratch/bpinsard.41510482.0/freesurfer_template_autoreconall_sub06.job/sub-06/mri/norm_template.mgz
volume = 320 320 320
voxelsize = 8.000000119209290e-01 8.000000119209290e-01 8.000000119209290e-01
xras   = -1.000000000000000e+00 -1.663076065749891e-10 0.000000000000000e+00
yras   = 0.000000000000000e+00 0.000000000000000e+00 -1.000000000000000e+00
zras   = -1.663076065749891e-10 1.000000000000000e+00 0.000000000000000e+00
cras   = -1.959856003522873e-01 7.072904109954834e+00 1.618380737304688e+01
dst volume info
valid = 1  # volume info valid
filename = /localscratch/bpinsard.41510482.0/freesurfer_template_autoreconall_sub06.job/sub-06_ses-010/mri/norm.mgz
volume = 320 320 320
voxelsize = 8.000000119209290e-01 8.000000119209290e-01 8.000000119209290e-01
xras   = -1.000000000000000e+00 -1.164153218269348e-09 0.000000000000000e+00
yras   = 0.000000000000000e+00 0.000000000000000e+00 -1.000000000000000e+00
zras   = -1.164153218269348e-09 1.000000000000000e+00 0.000000000000000e+00
cras   = 1.016036987304688e+00 2.110618591308594e+01 -9.688735961914062e+00
fscale 0.150000
