# transform file /localscratch/bpinsard.41510482.0/freesurfer_template_autoreconall_sub06.job/sub-06/mri/transforms/sub-06_ses-007_to_sub-06.lta
# created by bpinsard on Wed Oct 11 19:51:32 2023

type      = 1 # LINEAR_RAS_TO_RAS
nxforms   = 1
mean      = 162.0000 136.0000 147.0000
sigma     = 10000.0000
1 4 4
9.998928308486938e-01 -1.460796501487494e-02 9.279274381697178e-04 9.052200317382812e-01 
1.458511687815189e-02 9.996706247329712e-01 2.112170495092869e-02 -1.813728332519531e+00 
-1.236166572198272e-03 -2.110590599477291e-02 9.997764825820923e-01 7.127975463867188e+00 
0.000000000000000e+00 0.000000000000000e+00 0.000000000000000e+00 1.000000000000000e+00 
src volume info
valid = 1  # volume info valid
filename = /localscratch/bpinsard.41510482.0/freesurfer_template_autoreconall_sub06.job/sub-06_ses-007/mri/norm.mgz
volume = 320 320 320
voxelsize = 7.999954223632812e-01 7.999954223632812e-01 7.999954223632812e-01
xras   = -1.000000000000000e+00 0.000000000000000e+00 0.000000000000000e+00
yras   = 0.000000000000000e+00 0.000000000000000e+00 -1.000000000000000e+00
zras   = 0.000000000000000e+00 1.000000000000000e+00 0.000000000000000e+00
cras   = 4.004592895507812e-01 2.292053222656250e+01 -1.390560913085938e+01
dst volume info
valid = 1  # volume info valid
filename = /localscratch/bpinsard.41510482.0/freesurfer_template_autoreconall_sub06.job/sub-06/mri/norm_template.mgz
volume = 320 320 320
voxelsize = 8.000000119209290e-01 8.000000119209290e-01 8.000000119209290e-01
xras   = -1.000000000000000e+00 -1.663076065749891e-10 0.000000000000000e+00
yras   = 0.000000000000000e+00 0.000000000000000e+00 -1.000000000000000e+00
zras   = -1.663076065749891e-10 1.000000000000000e+00 0.000000000000000e+00
cras   = -1.959856003522873e-01 7.072904109954834e+00 1.618380737304688e+01
