# transform file /localscratch/bpinsard.41510482.0/freesurfer_template_autoreconall_sub06.job/sub-06/mri/transforms/sub-06_ses-003_to_sub-06.lta
# created by bpinsard on Wed Oct 11 19:51:32 2023

type      = 1 # LINEAR_RAS_TO_RAS
nxforms   = 1
mean      = 161.0000 138.0000 147.0000
sigma     = 10000.0000
1 4 4
9.995908737182617e-01 -1.799411326646805e-02 -2.224135771393776e-02 -3.440093994140625e-01 
1.813606917858124e-02 9.998163580894470e-01 6.197151727974415e-03 5.736923217773438e-01 
2.212576195597649e-02 -6.597986910492182e-03 9.997334480285645e-01 5.922561645507812e+00 
0.000000000000000e+00 0.000000000000000e+00 0.000000000000000e+00 1.000000000000000e+00 
src volume info
valid = 1  # volume info valid
filename = /localscratch/bpinsard.41510482.0/freesurfer_template_autoreconall_sub06.job/sub-06_ses-003/mri/norm.mgz
volume = 320 320 320
voxelsize = 8.000000119209290e-01 8.000000119209290e-01 8.000000119209290e-01
xras   = -1.000000119209290e+00 0.000000000000000e+00 0.000000000000000e+00
yras   = 0.000000000000000e+00 0.000000000000000e+00 -1.000000000000000e+00
zras   = 0.000000000000000e+00 1.000000000000000e+00 0.000000000000000e+00
cras   = 1.334495544433594e+00 2.039126586914062e+01 -1.108200073242188e+01
dst volume info
valid = 1  # volume info valid
filename = /localscratch/bpinsard.41510482.0/freesurfer_template_autoreconall_sub06.job/sub-06/mri/norm_template.mgz
volume = 320 320 320
voxelsize = 8.000000119209290e-01 8.000000119209290e-01 8.000000119209290e-01
xras   = -1.000000000000000e+00 -1.663076065749891e-10 0.000000000000000e+00
yras   = 0.000000000000000e+00 0.000000000000000e+00 -1.000000000000000e+00
zras   = -1.663076065749891e-10 1.000000000000000e+00 0.000000000000000e+00
cras   = -1.959856003522873e-01 7.072904109954834e+00 1.618380737304688e+01
