type      = 0 # LINEAR_VOX_TO_VOX
nxforms   = 1
mean      = 161.0000 122.0000 141.0000
sigma     = 10000.0000
1 4 4
9.999266266822815e-01 -1.098479144275188e-02 6.108830682933331e-03 1.577209472656250e+00 
1.081229653209448e-02 9.995664954185486e-01 2.758753485977650e-02 -4.748800659179688e+01 
-6.409189663827419e-03 -2.751930989325047e-02 9.996062517166138e-01 -1.859429931640625e+01 
0.000000000000000e+00 0.000000000000000e+00 0.000000000000000e+00 1.000000000000000e+00 
src volume info
valid = 1  # volume info valid
filename = /localscratch/bpinsard.41510482.0/freesurfer_template_autoreconall_sub06.job/sub-06/mri/norm_template.mgz
volume = 320 320 320
voxelsize = 8.000000119209290e-01 8.000000119209290e-01 8.000000119209290e-01
xras   = -1.000000000000000e+00 -1.663076065749891e-10 0.000000000000000e+00
yras   = 0.000000000000000e+00 0.000000000000000e+00 -1.000000000000000e+00
zras   = -1.663076065749891e-10 1.000000000000000e+00 0.000000000000000e+00
cras   = -1.959856003522873e-01 7.072904109954834e+00 1.618380737304688e+01
dst volume info
valid = 1  # volume info valid
filename = /localscratch/bpinsard.41510482.0/freesurfer_template_autoreconall_sub06.job/sub-06_ses-009/mri/norm.mgz
volume = 320 320 320
voxelsize = 7.999954223632812e-01 7.999954223632812e-01 7.999954223632812e-01
xras   = -1.000000000000000e+00 0.000000000000000e+00 0.000000000000000e+00
yras   = 0.000000000000000e+00 0.000000000000000e+00 -1.000000000000000e+00
zras   = 0.000000000000000e+00 1.000000000000000e+00 0.000000000000000e+00
cras   = -2.019500732421875e-01 2.593258666992188e+01 -1.390560913085938e+01
fscale 0.150000
