# transform file transforms/talairach_with_skull.lta
# created by bpinsard on Thu Oct  5 12:55:53 2023

type      = 0 # LINEAR_VOX_TO_VOX
nxforms   = 1
mean      = 164.0000 177.0000 149.0000
sigma     = 10000.0000
1 4 4
9.280337691307068e-01 1.247289404273033e-01 1.259302347898483e-02 -4.472566604614258e+01 
-1.247259825468063e-01 8.880525231361389e-01 7.819626480340958e-02 9.635633468627930e+00 
-1.916004531085491e-02 -7.544226944446564e-02 9.329242110252380e-01 -1.907316017150879e+01 
0.000000000000000e+00 0.000000000000000e+00 0.000000000000000e+00 1.000000000000000e+00 
src volume info
valid = 1  # volume info valid
filename = nu.mgz
volume = 320 320 320
voxelsize = 7.999954223632812e-01 7.999954223632812e-01 7.999954223632812e-01
xras   = -1.000000000000000e+00 0.000000000000000e+00 0.000000000000000e+00
yras   = 0.000000000000000e+00 0.000000000000000e+00 -1.000000000000000e+00
zras   = 0.000000000000000e+00 1.000000000000000e+00 0.000000000000000e+00
cras   = 4.004592895507812e-01 2.231811523437500e+01 5.522308349609375e-01
dst volume info
valid = 1  # volume info valid
filename = /opt/freesurfer/average/RB_all_withskull_2020_01_02.gca
volume = 256 256 256
voxelsize = 1.000000000000000e+00 1.000000000000000e+00 1.000000000000000e+00
xras   = -1.000000000000000e+00 0.000000000000000e+00 0.000000000000000e+00
yras   = 0.000000000000000e+00 0.000000000000000e+00 -1.000000000000000e+00
zras   = 0.000000000000000e+00 1.000000000000000e+00 0.000000000000000e+00
cras   = 0.000000000000000e+00 0.000000000000000e+00 0.000000000000000e+00
