type      = 1 # LINEAR_RAS_TO_RAS
nxforms   = 1
mean      = 0.0000 0.0000 0.0000
sigma     = 1.0000
1 4 4
1.144867062568665e+00 9.717735461890697e-03 5.202194675803185e-02 1.984689712524414e+00 
-1.415567006915808e-02 1.074860572814941e+00 1.107446104288101e-01 -3.333855819702148e+01 
-5.153316259384155e-02 -1.198342442512512e-01 1.156495332717896e+00 -1.507392501831055e+01 
0.000000000000000e+00 0.000000000000000e+00 0.000000000000000e+00 1.000000000000000e+00 
src volume info
valid = 1  # volume info valid
filename = /localscratch/bpinsard.41394471.0/freesurfer_crosssectional_autorecon1smriprep_skullstripautorecon2autorecon3_sub04_ses003.job/sub-04_ses-003/mri/orig_nu.mgz
volume = 320 320 320
voxelsize = 7.999954223632812e-01 7.999954223632812e-01 7.999954223632812e-01
xras   = -1.000000000000000e+00 0.000000000000000e+00 0.000000000000000e+00
yras   = 0.000000000000000e+00 0.000000000000000e+00 -1.000000000000000e+00
zras   = 0.000000000000000e+00 1.000000000000000e+00 0.000000000000000e+00
cras   = 4.004592895507812e-01 2.231811523437500e+01 5.522308349609375e-01
dst volume info
valid = 1  # volume info valid
filename = /opt/freesurfer/mni/bin/../share/mni_autoreg/average_305.mnc
volume = 172 220 156
voxelsize = 1.000000000000000e+00 1.000000000000000e+00 1.000000000000000e+00
xras   = 1.000000000000000e+00 0.000000000000000e+00 0.000000000000000e+00
yras   = 0.000000000000000e+00 1.000000000000000e+00 0.000000000000000e+00
zras   = 0.000000000000000e+00 0.000000000000000e+00 1.000000000000000e+00
cras   = -9.499999880790710e-02 -1.651000022888184e+01 9.750000000000000e+00
subject fsaverage
fscale 0.100000
