# transform file transforms/talairach_with_skull.lta
# created by bpinsard on Thu Oct  5 12:13:23 2023

type      = 0 # LINEAR_VOX_TO_VOX
nxforms   = 1
mean      = 159.0000 174.0000 150.0000
sigma     = 10000.0000
1 4 4
8.420861363410950e-01 3.813488036394119e-02 -1.080951020121574e-01 3.228330135345459e+00 
-9.376618079841137e-03 9.356604218482971e-01 2.025647163391113e-01 -2.162072753906250e+01 
9.810756891965866e-02 -1.422333121299744e-01 8.303703069686890e-01 -7.792446613311768e+00 
0.000000000000000e+00 0.000000000000000e+00 0.000000000000000e+00 1.000000000000000e+00 
src volume info
valid = 1  # volume info valid
filename = nu.mgz
volume = 320 320 320
voxelsize = 8.000000119209290e-01 8.000000119209290e-01 8.000000119209290e-01
xras   = -1.000000000000000e+00 0.000000000000000e+00 0.000000000000000e+00
yras   = 0.000000000000000e+00 0.000000000000000e+00 -1.000000000000000e+00
zras   = 1.862645149230957e-08 9.999999403953552e-01 0.000000000000000e+00
cras   = -2.958755493164062e-01 2.597267150878906e+01 -1.390560913085938e+01
dst volume info
valid = 1  # volume info valid
filename = /opt/freesurfer/average/RB_all_withskull_2020_01_02.gca
volume = 256 256 256
voxelsize = 1.000000000000000e+00 1.000000000000000e+00 1.000000000000000e+00
xras   = -1.000000000000000e+00 0.000000000000000e+00 0.000000000000000e+00
yras   = 0.000000000000000e+00 0.000000000000000e+00 -1.000000000000000e+00
zras   = 0.000000000000000e+00 1.000000000000000e+00 0.000000000000000e+00
cras   = 0.000000000000000e+00 0.000000000000000e+00 0.000000000000000e+00
