# transform file /localscratch/bpinsard.41394452.0/freesurfer_crosssectional_autorecon1smriprep_skullstripautorecon2autorecon3_sub02_ses012.job/sub-02_ses-012/mri/transforms/cc_up.lta
# created by bpinsard on Thu Oct  5 16:13:42 2023

type      = 0 # LINEAR_VOX_TO_VOX
nxforms   = 1
mean      = 160.0000 145.0000 142.0000
sigma     = 10000.0000
1 4 4
9.998911619186401e-01 -9.534514509141445e-03 -1.126759406179190e-02 -2.710622978210449e+01 
9.533909149467945e-03 9.999546408653259e-01 -1.074359170161188e-04 3.505938529968262e+00 
1.126810628920794e-02 0.000000000000000e+00 9.999365806579590e-01 2.222097206115723e+01 
0.000000000000000e+00 0.000000000000000e+00 0.000000000000000e+00 1.000000000000000e+00 
src volume info
valid = 1  # volume info valid
filename = /localscratch/bpinsard.41394452.0/freesurfer_crosssectional_autorecon1smriprep_skullstripautorecon2autorecon3_sub02_ses012.job/sub-02_ses-012/mri/norm.mgz
volume = 320 320 320
voxelsize = 7.999954223632812e-01 7.999954223632812e-01 7.999954223632812e-01
xras   = -1.000000000000000e+00 0.000000000000000e+00 0.000000000000000e+00
yras   = 0.000000000000000e+00 0.000000000000000e+00 -1.000000000000000e+00
zras   = 0.000000000000000e+00 1.000000000000000e+00 0.000000000000000e+00
cras   = 1.270286560058594e+00 2.104859924316406e+01 -1.805633544921875e+01
dst volume info
valid = 1  # volume info valid
filename = /localscratch/bpinsard.41394452.0/freesurfer_crosssectional_autorecon1smriprep_skullstripautorecon2autorecon3_sub02_ses012.job/sub-02_ses-012/mri/norm.mgz
volume = 320 320 320
voxelsize = 7.999954223632812e-01 7.999954223632812e-01 7.999954223632812e-01
xras   = -1.000000000000000e+00 0.000000000000000e+00 0.000000000000000e+00
yras   = 0.000000000000000e+00 0.000000000000000e+00 -1.000000000000000e+00
zras   = 0.000000000000000e+00 1.000000000000000e+00 0.000000000000000e+00
cras   = 1.270286560058594e+00 2.104859924316406e+01 -1.805633544921875e+01
