# transform file /localscratch/bpinsard.41508929.0/freesurfer_longitudinal_autoreconall_sub04.job/sub-04_ses-005.long.sub-04/mri/transforms/cc_up.lta
# created by bpinsard on Wed Oct 11 17:03:08 2023

type      = 0 # LINEAR_VOX_TO_VOX
nxforms   = 1
mean      = 158.0000 163.0000 165.0000
sigma     = 10000.0000
1 4 4
9.970607161521912e-01 7.323659956455231e-02 -2.250595204532146e-02 -3.738442993164062e+01 
-7.321794331073761e-02 9.973147511482239e-01 1.652697334066033e-03 -1.587337553501129e-01 
2.256655320525169e-02 0.000000000000000e+00 9.997453689575195e-01 -2.657219886779785e+01 
0.000000000000000e+00 0.000000000000000e+00 0.000000000000000e+00 1.000000000000000e+00 
src volume info
valid = 1  # volume info valid
filename = /localscratch/bpinsard.41508929.0/freesurfer_longitudinal_autoreconall_sub04.job/sub-04_ses-005.long.sub-04/mri/norm.mgz
volume = 320 320 320
voxelsize = 8.000000119209290e-01 8.000000119209290e-01 8.000000119209290e-01
xras   = -1.000000000000000e+00 0.000000000000000e+00 4.656612873077393e-10
yras   = -4.656612873077393e-10 0.000000000000000e+00 -1.000000000000000e+00
zras   = 0.000000000000000e+00 1.000000000000000e+00 0.000000000000000e+00
cras   = -2.881513118743896e+00 7.315050601959229e+00 1.888040542602539e+01
dst volume info
valid = 1  # volume info valid
filename = /localscratch/bpinsard.41508929.0/freesurfer_longitudinal_autoreconall_sub04.job/sub-04_ses-005.long.sub-04/mri/norm.mgz
volume = 320 320 320
voxelsize = 8.000000119209290e-01 8.000000119209290e-01 8.000000119209290e-01
xras   = -1.000000000000000e+00 0.000000000000000e+00 4.656612873077393e-10
yras   = -4.656612873077393e-10 0.000000000000000e+00 -1.000000000000000e+00
zras   = 0.000000000000000e+00 1.000000000000000e+00 0.000000000000000e+00
cras   = -2.881513118743896e+00 7.315050601959229e+00 1.888040542602539e+01
