# transform file /localscratch/bpinsard.41394487.0/freesurfer_crosssectional_autorecon1smriprep_skullstripautorecon2autorecon3_sub06_ses002.job/sub-06_ses-002/mri/transforms/cc_up.lta
# created by bpinsard on Thu Oct  5 16:27:41 2023

type      = 0 # LINEAR_VOX_TO_VOX
nxforms   = 1
mean      = 161.0000 141.0000 150.0000
sigma     = 10000.0000
1 4 4
9.996521472930908e-01 5.838091019541025e-03 2.572464756667614e-02 -3.576050949096680e+01 
-5.836158990859985e-03 9.999831318855286e-01 -1.501853694207966e-04 6.959817886352539e+00 
-2.572508715093136e-02 0.000000000000000e+00 9.996691942214966e-01 3.178919315338135e+00 
0.000000000000000e+00 0.000000000000000e+00 0.000000000000000e+00 1.000000000000000e+00 
src volume info
valid = 1  # volume info valid
filename = /localscratch/bpinsard.41394487.0/freesurfer_crosssectional_autorecon1smriprep_skullstripautorecon2autorecon3_sub06_ses002.job/sub-06_ses-002/mri/norm.mgz
volume = 320 320 320
voxelsize = 7.999954223632812e-01 7.999954223632812e-01 7.999954223632812e-01
xras   = -1.000000000000000e+00 0.000000000000000e+00 0.000000000000000e+00
yras   = 0.000000000000000e+00 0.000000000000000e+00 -1.000000000000000e+00
zras   = 0.000000000000000e+00 1.000000000000000e+00 0.000000000000000e+00
cras   = -2.019500732421875e-01 2.111329650878906e+01 -4.869445800781250e+00
dst volume info
valid = 1  # volume info valid
filename = /localscratch/bpinsard.41394487.0/freesurfer_crosssectional_autorecon1smriprep_skullstripautorecon2autorecon3_sub06_ses002.job/sub-06_ses-002/mri/norm.mgz
volume = 320 320 320
voxelsize = 7.999954223632812e-01 7.999954223632812e-01 7.999954223632812e-01
xras   = -1.000000000000000e+00 0.000000000000000e+00 0.000000000000000e+00
yras   = 0.000000000000000e+00 0.000000000000000e+00 -1.000000000000000e+00
zras   = 0.000000000000000e+00 1.000000000000000e+00 0.000000000000000e+00
cras   = -2.019500732421875e-01 2.111329650878906e+01 -4.869445800781250e+00
