# transform file /localscratch/bpinsard.41537203.0/freesurfer_longitudinal_autoreconall_sub02.job/sub-02_ses-003.long.sub-02/mri/transforms/cc_up.lta
# created by bpinsard on Fri Oct 13 08:59:20 2023

type      = 0 # LINEAR_VOX_TO_VOX
nxforms   = 1
mean      = 160.0000 170.0000 173.0000
sigma     = 10000.0000
1 4 4
9.995954036712646e-01 -8.541285991668701e-03 -2.713038958609104e-02 -2.519538307189941e+01 
8.538141846656799e-03 9.999634623527527e-01 -2.317368634976447e-04 -1.731378555297852e+01 
2.713138051331043e-02 -1.455191522836685e-11 9.996318817138672e-01 -1.624301910400391e+01 
0.000000000000000e+00 0.000000000000000e+00 0.000000000000000e+00 1.000000000000000e+00 
src volume info
valid = 1  # volume info valid
filename = /localscratch/bpinsard.41537203.0/freesurfer_longitudinal_autoreconall_sub02.job/sub-02_ses-003.long.sub-02/mri/norm.mgz
volume = 320 320 320
voxelsize = 8.000000119209290e-01 8.000000119209290e-01 8.000000119209290e-01
xras   = -1.000000000000000e+00 2.522523578907254e-10 -1.897353801849633e-18
yras   = -4.507062312340132e-18 -2.425354838839211e-12 -1.000000000000000e+00
zras   = 2.522523578907254e-10 1.000000000000000e+00 -2.425388449106558e-12
cras   = 1.280829548835754e+00 -8.290282487869263e-01 -2.512763500213623e+00
dst volume info
valid = 1  # volume info valid
filename = /localscratch/bpinsard.41537203.0/freesurfer_longitudinal_autoreconall_sub02.job/sub-02_ses-003.long.sub-02/mri/norm.mgz
volume = 320 320 320
voxelsize = 8.000000119209290e-01 8.000000119209290e-01 8.000000119209290e-01
xras   = -1.000000000000000e+00 2.522523578907254e-10 -1.897353801849633e-18
yras   = -4.507062312340132e-18 -2.425354838839211e-12 -1.000000000000000e+00
zras   = 2.522523578907254e-10 1.000000000000000e+00 -2.425388449106558e-12
cras   = 1.280829548835754e+00 -8.290282487869263e-01 -2.512763500213623e+00
