# transform file /localscratch/bpinsard.41394485.0/freesurfer_crosssectional_autorecon1smriprep_skullstripautorecon2autorecon3_sub05_ses012.job/sub-05_ses-012/mri/transforms/cc_up.lta
# created by bpinsard on Thu Oct  5 16:22:36 2023

type      = 0 # LINEAR_VOX_TO_VOX
nxforms   = 1
mean      = 163.0000 143.0000 147.0000
sigma     = 10000.0000
1 4 4
9.996159076690674e-01 7.046790793538094e-03 -2.680496871471405e-02 -3.179533576965332e+01 
-7.044258527457714e-03 9.999752044677734e-01 1.888936822069809e-04 7.123035430908203e+00 
2.680563367903233e-02 0.000000000000000e+00 9.996407032012939e-01 1.169772720336914e+01 
0.000000000000000e+00 0.000000000000000e+00 0.000000000000000e+00 1.000000000000000e+00 
src volume info
valid = 1  # volume info valid
filename = /localscratch/bpinsard.41394485.0/freesurfer_crosssectional_autorecon1smriprep_skullstripautorecon2autorecon3_sub05_ses012.job/sub-05_ses-012/mri/norm.mgz
volume = 320 320 320
voxelsize = 7.999954223632812e-01 7.999954223632812e-01 7.999954223632812e-01
xras   = -1.000000000000000e+00 0.000000000000000e+00 0.000000000000000e+00
yras   = 0.000000000000000e+00 0.000000000000000e+00 -1.000000000000000e+00
zras   = 0.000000000000000e+00 1.000000000000000e+00 0.000000000000000e+00
cras   = 2.207687377929688e+00 2.171570587158203e+01 4.769104003906250e+00
dst volume info
valid = 1  # volume info valid
filename = /localscratch/bpinsard.41394485.0/freesurfer_crosssectional_autorecon1smriprep_skullstripautorecon2autorecon3_sub05_ses012.job/sub-05_ses-012/mri/norm.mgz
volume = 320 320 320
voxelsize = 7.999954223632812e-01 7.999954223632812e-01 7.999954223632812e-01
xras   = -1.000000000000000e+00 0.000000000000000e+00 0.000000000000000e+00
yras   = 0.000000000000000e+00 0.000000000000000e+00 -1.000000000000000e+00
zras   = 0.000000000000000e+00 1.000000000000000e+00 0.000000000000000e+00
cras   = 2.207687377929688e+00 2.171570587158203e+01 4.769104003906250e+00
