# transform file transforms/talairach_with_skull.lta
# created by bpinsard on Thu Oct  5 12:55:19 2023

type      = 0 # LINEAR_VOX_TO_VOX
nxforms   = 1
mean      = 164.0000 177.0000 149.0000
sigma     = 10000.0000
1 4 4
9.503831863403320e-01 6.590981036424637e-02 -4.558224976062775e-02 -3.192925262451172e+01 
-4.270484298467636e-02 8.459944128990173e-01 2.541394531726837e-01 -2.744905090332031e+01 
4.511550068855286e-02 -3.141231536865234e-01 9.145909547805786e-01 1.215479183197021e+01 
0.000000000000000e+00 0.000000000000000e+00 0.000000000000000e+00 1.000000000000000e+00 
src volume info
valid = 1  # volume info valid
filename = nu.mgz
volume = 320 320 320
voxelsize = 7.999954223632812e-01 7.999954223632812e-01 7.999954223632812e-01
xras   = -1.000000000000000e+00 0.000000000000000e+00 0.000000000000000e+00
yras   = 0.000000000000000e+00 0.000000000000000e+00 -1.000000000000000e+00
zras   = 0.000000000000000e+00 1.000000000000000e+00 0.000000000000000e+00
cras   = 2.207687377929688e+00 2.171570587158203e+01 4.769104003906250e+00
dst volume info
valid = 1  # volume info valid
filename = /opt/freesurfer/average/RB_all_withskull_2020_01_02.gca
volume = 256 256 256
voxelsize = 1.000000000000000e+00 1.000000000000000e+00 1.000000000000000e+00
xras   = -1.000000000000000e+00 0.000000000000000e+00 0.000000000000000e+00
yras   = 0.000000000000000e+00 0.000000000000000e+00 -1.000000000000000e+00
zras   = 0.000000000000000e+00 1.000000000000000e+00 0.000000000000000e+00
cras   = 0.000000000000000e+00 0.000000000000000e+00 0.000000000000000e+00
