# transform file transforms/talairach.lta
# created by bpinsard on Thu Oct  5 13:21:56 2023

type      = 0 # LINEAR_VOX_TO_VOX
nxforms   = 1
mean      = 159.0000 111.0000 139.0000
sigma     = 10000.0000
1 4 4
8.215475678443909e-01 6.452763080596924e-02 -5.877060815691948e-02 -4.576248168945312e+00 
-5.403731763362885e-02 9.122415781021118e-01 5.568350851535797e-02 2.044709205627441e+01 
5.985203757882118e-02 -6.043857708573341e-02 8.099948167800903e-01 -6.786703586578369e+00 
0.000000000000000e+00 0.000000000000000e+00 0.000000000000000e+00 1.000000000000000e+00 
src volume info
valid = 1  # volume info valid
filename = nu.mgz
volume = 320 320 320
voxelsize = 8.000000119209290e-01 8.000000119209290e-01 8.000000119209290e-01
xras   = -1.000000119209290e+00 0.000000000000000e+00 0.000000000000000e+00
yras   = 0.000000000000000e+00 0.000000000000000e+00 -1.000000119209290e+00
zras   = -1.164153218269348e-09 1.000000119209290e+00 0.000000000000000e+00
cras   = 9.924240112304688e-01 2.593743896484375e+01 -1.330319976806641e+01
dst volume info
valid = 1  # volume info valid
filename = /opt/freesurfer/average/RB_all_2020-01-02.gca
volume = 256 256 256
voxelsize = 1.000000000000000e+00 1.000000000000000e+00 1.000000000000000e+00
xras   = -1.000000000000000e+00 0.000000000000000e+00 0.000000000000000e+00
yras   = 0.000000000000000e+00 0.000000000000000e+00 -1.000000000000000e+00
zras   = 0.000000000000000e+00 1.000000000000000e+00 0.000000000000000e+00
cras   = 0.000000000000000e+00 0.000000000000000e+00 0.000000000000000e+00
