# transform file transforms/talairach_with_skull.lta
# created by bpinsard on Thu Oct  5 12:47:39 2023

type      = 0 # LINEAR_VOX_TO_VOX
nxforms   = 1
mean      = 162.0000 165.0000 139.0000
sigma     = 10000.0000
1 4 4
9.269894361495972e-01 4.887231439352036e-02 5.625082645565271e-03 -3.138643264770508e+01 
-4.004223272204399e-02 8.747117519378662e-01 1.332414597272873e-01 1.223433780670166e+01 
-5.802569212391973e-04 -1.336710602045059e-01 8.724715709686279e-01 2.705382585525513e+00 
0.000000000000000e+00 0.000000000000000e+00 0.000000000000000e+00 1.000000000000000e+00 
src volume info
valid = 1  # volume info valid
filename = nu.mgz
volume = 320 320 320
voxelsize = 8.000000119209290e-01 8.000000119209290e-01 8.000000119209290e-01
xras   = -1.000000119209290e+00 0.000000000000000e+00 0.000000000000000e+00
yras   = 0.000000000000000e+00 0.000000000000000e+00 -1.000000119209290e+00
zras   = -1.164153218269348e-09 1.000000119209290e+00 0.000000000000000e+00
cras   = 9.924240112304688e-01 2.593743896484375e+01 -1.330319976806641e+01
dst volume info
valid = 1  # volume info valid
filename = /opt/freesurfer/average/RB_all_withskull_2020_01_02.gca
volume = 256 256 256
voxelsize = 1.000000000000000e+00 1.000000000000000e+00 1.000000000000000e+00
xras   = -1.000000000000000e+00 0.000000000000000e+00 0.000000000000000e+00
yras   = 0.000000000000000e+00 0.000000000000000e+00 -1.000000000000000e+00
zras   = 0.000000000000000e+00 1.000000000000000e+00 0.000000000000000e+00
cras   = 0.000000000000000e+00 0.000000000000000e+00 0.000000000000000e+00
