# transform file /localscratch/bpinsard.41394495.0/freesurfer_crosssectional_autorecon1smriprep_skullstripautorecon2autorecon3_sub06_ses010.job/sub-06_ses-010/mri/transforms/cc_up.lta
# created by bpinsard on Thu Oct  5 16:37:34 2023

type      = 0 # LINEAR_VOX_TO_VOX
nxforms   = 1
mean      = 160.0000 129.0000 148.0000
sigma     = 10000.0000
1 4 4
9.997885227203369e-01 1.336899027228355e-02 1.562559232115746e-02 -3.612844848632812e+01 
-1.336735859513283e-02 9.999105930328369e-01 -2.089170884573832e-04 2.019797325134277e+01 
-1.562698930501938e-02 1.455191522836685e-11 9.998778700828552e-01 6.542875289916992e+00 
0.000000000000000e+00 0.000000000000000e+00 0.000000000000000e+00 1.000000000000000e+00 
src volume info
valid = 1  # volume info valid
filename = /localscratch/bpinsard.41394495.0/freesurfer_crosssectional_autorecon1smriprep_skullstripautorecon2autorecon3_sub06_ses010.job/sub-06_ses-010/mri/norm.mgz
volume = 320 320 320
voxelsize = 8.000000119209290e-01 8.000000119209290e-01 8.000000119209290e-01
xras   = -1.000000000000000e+00 -1.164153218269348e-09 0.000000000000000e+00
yras   = 0.000000000000000e+00 0.000000000000000e+00 -1.000000000000000e+00
zras   = -1.164153218269348e-09 1.000000000000000e+00 0.000000000000000e+00
cras   = 1.016036987304688e+00 2.110618591308594e+01 -9.688735961914062e+00
dst volume info
valid = 1  # volume info valid
filename = /localscratch/bpinsard.41394495.0/freesurfer_crosssectional_autorecon1smriprep_skullstripautorecon2autorecon3_sub06_ses010.job/sub-06_ses-010/mri/norm.mgz
volume = 320 320 320
voxelsize = 8.000000119209290e-01 8.000000119209290e-01 8.000000119209290e-01
xras   = -1.000000000000000e+00 -1.164153218269348e-09 0.000000000000000e+00
yras   = 0.000000000000000e+00 0.000000000000000e+00 -1.000000000000000e+00
zras   = -1.164153218269348e-09 1.000000000000000e+00 0.000000000000000e+00
cras   = 1.016036987304688e+00 2.110618591308594e+01 -9.688735961914062e+00
