# transform file transforms/talairach_with_skull.lta
# created by bpinsard on Thu Oct  5 13:18:07 2023

type      = 0 # LINEAR_VOX_TO_VOX
nxforms   = 1
mean      = 161.0000 172.0000 147.0000
sigma     = 10000.0000
1 4 4
9.032524824142456e-01 -1.534396968781948e-02 -1.933626364916563e-03 -1.817892646789551e+01 
1.466037984937429e-02 9.456916451454163e-01 1.171168833971024e-01 -2.062779998779297e+01 
-3.548385575413704e-05 -1.080970019102097e-01 8.802494406700134e-01 -7.597826004028320e+00 
0.000000000000000e+00 0.000000000000000e+00 0.000000000000000e+00 1.000000000000000e+00 
src volume info
valid = 1  # volume info valid
filename = nu.mgz
volume = 320 320 320
voxelsize = 8.000000119209290e-01 8.000000119209290e-01 8.000000119209290e-01
xras   = -1.000000000000000e+00 -1.164153218269348e-09 0.000000000000000e+00
yras   = 0.000000000000000e+00 0.000000000000000e+00 -1.000000000000000e+00
zras   = -1.164153218269348e-09 1.000000000000000e+00 0.000000000000000e+00
cras   = 1.016036987304688e+00 2.110618591308594e+01 -9.688735961914062e+00
dst volume info
valid = 1  # volume info valid
filename = /opt/freesurfer/average/RB_all_withskull_2020_01_02.gca
volume = 256 256 256
voxelsize = 1.000000000000000e+00 1.000000000000000e+00 1.000000000000000e+00
xras   = -1.000000000000000e+00 0.000000000000000e+00 0.000000000000000e+00
yras   = 0.000000000000000e+00 0.000000000000000e+00 -1.000000000000000e+00
zras   = 0.000000000000000e+00 1.000000000000000e+00 0.000000000000000e+00
cras   = 0.000000000000000e+00 0.000000000000000e+00 0.000000000000000e+00
