# transform file /localscratch/bpinsard.41547889.0/freesurfer_longitudinal_autoreconall_sub01.job/sub-01_ses-010.long.sub-01/mri/transforms/cc_up.lta
# created by bpinsard on Sat Oct 14 04:04:41 2023

type      = 0 # LINEAR_VOX_TO_VOX
nxforms   = 1
mean      = 161.0000 165.0000 164.0000
sigma     = 10000.0000
1 4 4
9.975099563598633e-01 -9.278411976993084e-03 -6.991176307201385e-02 -1.857581329345703e+01 
9.255707263946533e-03 9.999569058418274e-01 -6.486981292255223e-04 -9.365902900695801e+00 
6.991477310657501e-02 5.820765397457350e-11 9.975529313087463e-01 -3.673960113525391e+01 
0.000000000000000e+00 0.000000000000000e+00 0.000000000000000e+00 1.000000000000000e+00 
src volume info
valid = 1  # volume info valid
filename = /localscratch/bpinsard.41547889.0/freesurfer_longitudinal_autoreconall_sub01.job/sub-01_ses-010.long.sub-01/mri/norm.mgz
volume = 320 320 320
voxelsize = 8.000000119209290e-01 8.000000119209290e-01 8.000000119209290e-01
xras   = -1.000000000000000e+00 4.986808188611747e-10 -8.315380328749455e-11
yras   = 8.315380328749455e-11 -7.979727989493313e-17 -1.000000000000000e+00
zras   = 4.986808743723259e-10 1.000000000000000e+00 -5.350537721215964e-17
cras   = 9.673804044723511e-01 7.268080711364746e+00 2.035050201416016e+01
dst volume info
valid = 1  # volume info valid
filename = /localscratch/bpinsard.41547889.0/freesurfer_longitudinal_autoreconall_sub01.job/sub-01_ses-010.long.sub-01/mri/norm.mgz
volume = 320 320 320
voxelsize = 8.000000119209290e-01 8.000000119209290e-01 8.000000119209290e-01
xras   = -1.000000000000000e+00 4.986808188611747e-10 -8.315380328749455e-11
yras   = 8.315380328749455e-11 -7.979727989493313e-17 -1.000000000000000e+00
zras   = 4.986808743723259e-10 1.000000000000000e+00 -5.350537721215964e-17
cras   = 9.673804044723511e-01 7.268080711364746e+00 2.035050201416016e+01
