# transform file /localscratch/bpinsard.41508929.0/freesurfer_longitudinal_autoreconall_sub04.job/sub-04_ses-002.long.sub-04/mri/transforms/cc_up.lta
# created by bpinsard on Thu Oct 12 03:31:02 2023

type      = 0 # LINEAR_VOX_TO_VOX
nxforms   = 1
mean      = 158.0000 163.0000 165.0000
sigma     = 10000.0000
1 4 4
9.973606467247009e-01 6.912052631378174e-02 -2.222367003560066e-02 -3.689881515502930e+01 
-6.910336762666702e-02 9.976082444190979e-01 1.539794378913939e-03 -8.411351442337036e-01 
2.227694913744926e-02 0.000000000000000e+00 9.997517466545105e-01 -2.652683258056641e+01 
0.000000000000000e+00 0.000000000000000e+00 0.000000000000000e+00 1.000000000000000e+00 
src volume info
valid = 1  # volume info valid
filename = /localscratch/bpinsard.41508929.0/freesurfer_longitudinal_autoreconall_sub04.job/sub-04_ses-002.long.sub-04/mri/norm.mgz
volume = 320 320 320
voxelsize = 8.000000119209290e-01 8.000000119209290e-01 8.000000119209290e-01
xras   = -1.000000000000000e+00 0.000000000000000e+00 4.656612873077393e-10
yras   = -4.656612873077393e-10 0.000000000000000e+00 -1.000000000000000e+00
zras   = 0.000000000000000e+00 1.000000000000000e+00 0.000000000000000e+00
cras   = -2.881513118743896e+00 7.315050601959229e+00 1.888040542602539e+01
dst volume info
valid = 1  # volume info valid
filename = /localscratch/bpinsard.41508929.0/freesurfer_longitudinal_autoreconall_sub04.job/sub-04_ses-002.long.sub-04/mri/norm.mgz
volume = 320 320 320
voxelsize = 8.000000119209290e-01 8.000000119209290e-01 8.000000119209290e-01
xras   = -1.000000000000000e+00 0.000000000000000e+00 4.656612873077393e-10
yras   = -4.656612873077393e-10 0.000000000000000e+00 -1.000000000000000e+00
zras   = 0.000000000000000e+00 1.000000000000000e+00 0.000000000000000e+00
cras   = -2.881513118743896e+00 7.315050601959229e+00 1.888040542602539e+01
