# transform file transforms/talairach_with_skull.lta
# created by bpinsard on Thu Oct  5 12:43:09 2023

type      = 0 # LINEAR_VOX_TO_VOX
nxforms   = 1
mean      = 165.0000 173.0000 146.0000
sigma     = 10000.0000
1 4 4
9.217874407768250e-01 4.253079369664192e-02 1.501889433711767e-03 -3.082004165649414e+01 
-4.777649044990540e-02 8.704022765159607e-01 8.378608524799347e-02 4.033402442932129e+00 
2.444988582283258e-03 -7.544658333063126e-02 9.143113493919373e-01 -2.152385711669922e+01 
0.000000000000000e+00 0.000000000000000e+00 0.000000000000000e+00 1.000000000000000e+00 
src volume info
valid = 1  # volume info valid
filename = nu.mgz
volume = 320 320 320
voxelsize = 7.999954223632812e-01 7.999954223632812e-01 7.999954223632812e-01
xras   = -1.000000000000000e+00 0.000000000000000e+00 0.000000000000000e+00
yras   = 0.000000000000000e+00 0.000000000000000e+00 -1.000000000000000e+00
zras   = 0.000000000000000e+00 1.000000000000000e+00 0.000000000000000e+00
cras   = 2.810096740722656e+00 1.870365905761719e+01 -1.450801086425781e+01
dst volume info
valid = 1  # volume info valid
filename = /opt/freesurfer/average/RB_all_withskull_2020_01_02.gca
volume = 256 256 256
voxelsize = 1.000000000000000e+00 1.000000000000000e+00 1.000000000000000e+00
xras   = -1.000000000000000e+00 0.000000000000000e+00 0.000000000000000e+00
yras   = 0.000000000000000e+00 0.000000000000000e+00 -1.000000000000000e+00
zras   = 0.000000000000000e+00 1.000000000000000e+00 0.000000000000000e+00
cras   = 0.000000000000000e+00 0.000000000000000e+00 0.000000000000000e+00
