# transform file /localscratch/bpinsard.41537207.0/freesurfer_longitudinal_autoreconall_sub06.job/sub-06_ses-014.long.sub-06/mri/transforms/cc_up.lta
# created by bpinsard on Sat Oct 14 08:41:11 2023

type      = 0 # LINEAR_VOX_TO_VOX
nxforms   = 1
mean      = 160.0000 164.0000 165.0000
sigma     = 10000.0000
1 4 4
9.995286464691162e-01 -1.434648060239851e-03 3.066382184624672e-02 -3.510435867309570e+01 
1.433973433449864e-03 9.999989271163940e-01 4.399184399517253e-05 -1.523557281494141e+01 
-3.066385351121426e-02 -3.637978373410844e-12 9.995297193527222e-01 -1.002653980255127e+01 
0.000000000000000e+00 0.000000000000000e+00 0.000000000000000e+00 1.000000000000000e+00 
src volume info
valid = 1  # volume info valid
filename = /localscratch/bpinsard.41537207.0/freesurfer_longitudinal_autoreconall_sub06.job/sub-06_ses-014.long.sub-06/mri/norm.mgz
volume = 320 320 320
voxelsize = 8.000000119209290e-01 8.000000119209290e-01 8.000000119209290e-01
xras   = -1.000000000000000e+00 -1.663076065749891e-10 0.000000000000000e+00
yras   = 0.000000000000000e+00 0.000000000000000e+00 -1.000000000000000e+00
zras   = -1.663076065749891e-10 1.000000000000000e+00 0.000000000000000e+00
cras   = -1.959856003522873e-01 7.072904109954834e+00 1.618380737304688e+01
dst volume info
valid = 1  # volume info valid
filename = /localscratch/bpinsard.41537207.0/freesurfer_longitudinal_autoreconall_sub06.job/sub-06_ses-014.long.sub-06/mri/norm.mgz
volume = 320 320 320
voxelsize = 8.000000119209290e-01 8.000000119209290e-01 8.000000119209290e-01
xras   = -1.000000000000000e+00 -1.663076065749891e-10 0.000000000000000e+00
yras   = 0.000000000000000e+00 0.000000000000000e+00 -1.000000000000000e+00
zras   = -1.663076065749891e-10 1.000000000000000e+00 0.000000000000000e+00
cras   = -1.959856003522873e-01 7.072904109954834e+00 1.618380737304688e+01
