# transform file /localscratch/bpinsard.41394450.0/freesurfer_crosssectional_autorecon1smriprep_skullstripautorecon2autorecon3_sub02_ses010.job/sub-02_ses-010/mri/transforms/cc_up.lta
# created by bpinsard on Thu Oct  5 16:02:19 2023

type      = 0 # LINEAR_VOX_TO_VOX
nxforms   = 1
mean      = 160.0000 144.0000 137.0000
sigma     = 10000.0000
1 4 4
9.997775554656982e-01 -2.059280127286911e-02 -4.582134075462818e-03 -2.706955337524414e+01 
2.059258520603180e-02 9.997880458831787e-01 -9.437898552278057e-05 7.760590076446533e+00 
4.583105910569429e-03 0.000000000000000e+00 9.999896287918091e-01 2.127240180969238e+01 
0.000000000000000e+00 0.000000000000000e+00 0.000000000000000e+00 1.000000000000000e+00 
src volume info
valid = 1  # volume info valid
filename = /localscratch/bpinsard.41394450.0/freesurfer_crosssectional_autorecon1smriprep_skullstripautorecon2autorecon3_sub02_ses010.job/sub-02_ses-010/mri/norm.mgz
volume = 320 320 320
voxelsize = 8.000000119209290e-01 8.000000119209290e-01 8.000000119209290e-01
xras   = -1.000000119209290e+00 0.000000000000000e+00 0.000000000000000e+00
yras   = 0.000000000000000e+00 0.000000000000000e+00 -1.000000000000000e+00
zras   = 0.000000000000000e+00 1.000000000000000e+00 0.000000000000000e+00
cras   = 1.395393371582031e+00 2.593258666992188e+01 -1.390560913085938e+01
dst volume info
valid = 1  # volume info valid
filename = /localscratch/bpinsard.41394450.0/freesurfer_crosssectional_autorecon1smriprep_skullstripautorecon2autorecon3_sub02_ses010.job/sub-02_ses-010/mri/norm.mgz
volume = 320 320 320
voxelsize = 8.000000119209290e-01 8.000000119209290e-01 8.000000119209290e-01
xras   = -1.000000119209290e+00 0.000000000000000e+00 0.000000000000000e+00
yras   = 0.000000000000000e+00 0.000000000000000e+00 -1.000000000000000e+00
zras   = 0.000000000000000e+00 1.000000000000000e+00 0.000000000000000e+00
cras   = 1.395393371582031e+00 2.593258666992188e+01 -1.390560913085938e+01
