# transform file /localscratch/bpinsard.41498736.0/freesurfer_crosssectional_autorecon1smriprep_skullstripautorecon2autorecon3_sub05_ses013.job/sub-05_ses-013/mri/transforms/cc_up.lta
# created by bpinsard on Wed Oct 11 05:27:00 2023

type      = 0 # LINEAR_VOX_TO_VOX
nxforms   = 1
mean      = 161.0000 144.0000 151.0000
sigma     = 10000.0000
1 4 4
9.995384216308594e-01 1.134857768192887e-03 -3.035833314061165e-02 -2.857112503051758e+01 
-1.134334714151919e-03 9.999993443489075e-01 3.445241236477159e-05 8.177600860595703e+00 
3.035835176706314e-02 0.000000000000000e+00 9.995390772819519e-01 8.195671081542969e+00 
0.000000000000000e+00 0.000000000000000e+00 0.000000000000000e+00 1.000000000000000e+00 
src volume info
valid = 1  # volume info valid
filename = /localscratch/bpinsard.41498736.0/freesurfer_crosssectional_autorecon1smriprep_skullstripautorecon2autorecon3_sub05_ses013.job/sub-05_ses-013/mri/norm.mgz
volume = 320 320 320
voxelsize = 7.999954223632812e-01 7.999954223632812e-01 7.999954223632812e-01
xras   = -1.000000000000000e+00 0.000000000000000e+00 0.000000000000000e+00
yras   = 0.000000000000000e+00 0.000000000000000e+00 -1.000000000000000e+00
zras   = 0.000000000000000e+00 1.000000000000000e+00 0.000000000000000e+00
cras   = -2.019500732421875e-01 1.870365905761719e+01 4.166687011718750e+00
dst volume info
valid = 1  # volume info valid
filename = /localscratch/bpinsard.41498736.0/freesurfer_crosssectional_autorecon1smriprep_skullstripautorecon2autorecon3_sub05_ses013.job/sub-05_ses-013/mri/norm.mgz
volume = 320 320 320
voxelsize = 7.999954223632812e-01 7.999954223632812e-01 7.999954223632812e-01
xras   = -1.000000000000000e+00 0.000000000000000e+00 0.000000000000000e+00
yras   = 0.000000000000000e+00 0.000000000000000e+00 -1.000000000000000e+00
zras   = 0.000000000000000e+00 1.000000000000000e+00 0.000000000000000e+00
cras   = -2.019500732421875e-01 1.870365905761719e+01 4.166687011718750e+00
