# transform file /localscratch/bpinsard.41394413.0/freesurfer_crosssectional_autorecon1smriprep_skullstripautorecon2autorecon3_sub01_ses002.job/sub-01_ses-002/mri/transforms/cc_up.lta
# created by bpinsard on Thu Oct  5 15:54:18 2023

type      = 0 # LINEAR_VOX_TO_VOX
nxforms   = 1
mean      = 161.0000 118.0000 146.0000
sigma     = 10000.0000
1 4 4
9.980071783065796e-01 -3.209569305181503e-02 -5.432816967368126e-02 -1.946221351623535e+01 
3.204824030399323e-02 9.994847774505615e-01 -1.744598965160549e-03 3.321826553344727e+01 
5.435617268085480e-02 1.164153218269348e-10 9.985215663909912e-01 -1.538868999481201e+01 
0.000000000000000e+00 0.000000000000000e+00 0.000000000000000e+00 1.000000000000000e+00 
src volume info
valid = 1  # volume info valid
filename = /localscratch/bpinsard.41394413.0/freesurfer_crosssectional_autorecon1smriprep_skullstripautorecon2autorecon3_sub01_ses002.job/sub-01_ses-002/mri/norm.mgz
volume = 320 320 320
voxelsize = 7.999954223632812e-01 7.999954223632812e-01 7.999954223632812e-01
xras   = -1.000000000000000e+00 0.000000000000000e+00 0.000000000000000e+00
yras   = 0.000000000000000e+00 0.000000000000000e+00 -1.000000000000000e+00
zras   = 0.000000000000000e+00 1.000000000000000e+00 0.000000000000000e+00
cras   = 1.605278015136719e+00 2.593258666992188e+01 -1.149597167968750e+01
dst volume info
valid = 1  # volume info valid
filename = /localscratch/bpinsard.41394413.0/freesurfer_crosssectional_autorecon1smriprep_skullstripautorecon2autorecon3_sub01_ses002.job/sub-01_ses-002/mri/norm.mgz
volume = 320 320 320
voxelsize = 7.999954223632812e-01 7.999954223632812e-01 7.999954223632812e-01
xras   = -1.000000000000000e+00 0.000000000000000e+00 0.000000000000000e+00
yras   = 0.000000000000000e+00 0.000000000000000e+00 -1.000000000000000e+00
zras   = 0.000000000000000e+00 1.000000000000000e+00 0.000000000000000e+00
cras   = 1.605278015136719e+00 2.593258666992188e+01 -1.149597167968750e+01
