type      = 1 # LINEAR_RAS_TO_RAS
nxforms   = 1
mean      = 0.0000 0.0000 0.0000
sigma     = 1.0000
1 4 4
1.045432925224304e+00 4.141509905457497e-02 -2.006467059254646e-02 -2.353084087371826e+00 
-4.033907502889633e-02 1.055364131927490e+00 7.656331360340118e-02 -3.644899749755859e+01 
2.618135698139668e-02 -8.520401269197464e-02 1.188263535499573e+00 -1.923824310302734e+01 
0.000000000000000e+00 0.000000000000000e+00 0.000000000000000e+00 1.000000000000000e+00 
src volume info
valid = 1  # volume info valid
filename = /localscratch/bpinsard.41394413.0/freesurfer_crosssectional_autorecon1smriprep_skullstripautorecon2autorecon3_sub01_ses002.job/sub-01_ses-002/mri/orig_nu.mgz
volume = 320 320 320
voxelsize = 7.999954223632812e-01 7.999954223632812e-01 7.999954223632812e-01
xras   = -1.000000000000000e+00 0.000000000000000e+00 0.000000000000000e+00
yras   = 0.000000000000000e+00 0.000000000000000e+00 -1.000000000000000e+00
zras   = 0.000000000000000e+00 1.000000000000000e+00 0.000000000000000e+00
cras   = 1.605278015136719e+00 2.593258666992188e+01 -1.149597167968750e+01
dst volume info
valid = 1  # volume info valid
filename = /opt/freesurfer/mni/bin/../share/mni_autoreg/average_305.mnc
volume = 172 220 156
voxelsize = 1.000000000000000e+00 1.000000000000000e+00 1.000000000000000e+00
xras   = 1.000000000000000e+00 0.000000000000000e+00 0.000000000000000e+00
yras   = 0.000000000000000e+00 1.000000000000000e+00 0.000000000000000e+00
zras   = 0.000000000000000e+00 0.000000000000000e+00 1.000000000000000e+00
cras   = -9.499999880790710e-02 -1.651000022888184e+01 9.750000000000000e+00
subject fsaverage
fscale 0.100000
