# transform file /localscratch/bpinsard.41394479.0/freesurfer_crosssectional_autorecon1smriprep_skullstripautorecon2autorecon3_sub05_ses006.job/sub-05_ses-006/mri/transforms/cc_up.lta
# created by bpinsard on Thu Oct  5 16:20:13 2023

type      = 0 # LINEAR_VOX_TO_VOX
nxforms   = 1
mean      = 160.0000 143.0000 148.0000
sigma     = 10000.0000
1 4 4
9.998599290847778e-01 -5.219257902354002e-03 -1.590768434107304e-02 -2.950089836120605e+01 
5.218597594648600e-03 9.999864697456360e-01 -8.302743663080037e-05 6.181516170501709e+00 
1.590790040791035e-02 0.000000000000000e+00 9.998735189437866e-01 9.485319137573242e+00 
0.000000000000000e+00 0.000000000000000e+00 0.000000000000000e+00 1.000000000000000e+00 
src volume info
valid = 1  # volume info valid
filename = /localscratch/bpinsard.41394479.0/freesurfer_crosssectional_autorecon1smriprep_skullstripautorecon2autorecon3_sub05_ses006.job/sub-05_ses-006/mri/norm.mgz
volume = 320 320 320
voxelsize = 8.000000119209290e-01 8.000000119209290e-01 8.000000119209290e-01
xras   = -1.000000119209290e+00 0.000000000000000e+00 0.000000000000000e+00
yras   = 0.000000000000000e+00 0.000000000000000e+00 -1.000000000000000e+00
zras   = 0.000000000000000e+00 1.000000000000000e+00 0.000000000000000e+00
cras   = -2.612350463867188e+00 2.111329650878906e+01 -1.511041259765625e+01
dst volume info
valid = 1  # volume info valid
filename = /localscratch/bpinsard.41394479.0/freesurfer_crosssectional_autorecon1smriprep_skullstripautorecon2autorecon3_sub05_ses006.job/sub-05_ses-006/mri/norm.mgz
volume = 320 320 320
voxelsize = 8.000000119209290e-01 8.000000119209290e-01 8.000000119209290e-01
xras   = -1.000000119209290e+00 0.000000000000000e+00 0.000000000000000e+00
yras   = 0.000000000000000e+00 0.000000000000000e+00 -1.000000000000000e+00
zras   = 0.000000000000000e+00 1.000000000000000e+00 0.000000000000000e+00
cras   = -2.612350463867188e+00 2.111329650878906e+01 -1.511041259765625e+01
