# transform file /localscratch/bpinsard.41394414.0/freesurfer_crosssectional_autorecon1smriprep_skullstripautorecon2autorecon3_sub01_ses003.job/sub-01_ses-003/mri/transforms/cc_up.lta
# created by bpinsard on Thu Oct  5 15:16:10 2023

type      = 0 # LINEAR_VOX_TO_VOX
nxforms   = 1
mean      = 161.0000 113.0000 146.0000
sigma     = 10000.0000
1 4 4
9.974199533462524e-01 -3.313081711530685e-02 -6.368403881788254e-02 -1.811521530151367e+01 
3.306348994374275e-02 9.994509816169739e-01 -2.111063105985522e-03 3.810973358154297e+01 
6.371901929378510e-02 0.000000000000000e+00 9.979678392410278e-01 -1.779123687744141e+01 
0.000000000000000e+00 0.000000000000000e+00 0.000000000000000e+00 1.000000000000000e+00 
src volume info
valid = 1  # volume info valid
filename = /localscratch/bpinsard.41394414.0/freesurfer_crosssectional_autorecon1smriprep_skullstripautorecon2autorecon3_sub01_ses003.job/sub-01_ses-003/mri/norm.mgz
volume = 320 320 320
voxelsize = 7.999954223632812e-01 7.999954223632812e-01 7.999954223632812e-01
xras   = -1.000000000000000e+00 0.000000000000000e+00 0.000000000000000e+00
yras   = 0.000000000000000e+00 0.000000000000000e+00 -1.000000000000000e+00
zras   = 0.000000000000000e+00 1.000000000000000e+00 0.000000000000000e+00
cras   = 1.002868652343750e+00 2.533016967773438e+01 -1.390560913085938e+01
dst volume info
valid = 1  # volume info valid
filename = /localscratch/bpinsard.41394414.0/freesurfer_crosssectional_autorecon1smriprep_skullstripautorecon2autorecon3_sub01_ses003.job/sub-01_ses-003/mri/norm.mgz
volume = 320 320 320
voxelsize = 7.999954223632812e-01 7.999954223632812e-01 7.999954223632812e-01
xras   = -1.000000000000000e+00 0.000000000000000e+00 0.000000000000000e+00
yras   = 0.000000000000000e+00 0.000000000000000e+00 -1.000000000000000e+00
zras   = 0.000000000000000e+00 1.000000000000000e+00 0.000000000000000e+00
cras   = 1.002868652343750e+00 2.533016967773438e+01 -1.390560913085938e+01
