# transform file /localscratch/bpinsard.41508929.0/freesurfer_longitudinal_autoreconall_sub04.job/sub-04_ses-001.long.sub-04/mri/transforms/cc_up.lta
# created by bpinsard on Wed Oct 11 23:59:57 2023

type      = 0 # LINEAR_VOX_TO_VOX
nxforms   = 1
mean      = 158.0000 164.0000 165.0000
sigma     = 10000.0000
1 4 4
9.972907304763794e-01 7.013858854770660e-02 -2.218041196465492e-02 -3.701448440551758e+01 
-7.012125104665756e-02 9.975373148918152e-01 1.559543539769948e-03 -6.728689670562744e-01 
2.223517186939716e-02 0.000000000000000e+00 9.997528791427612e-01 -2.752005577087402e+01 
0.000000000000000e+00 0.000000000000000e+00 0.000000000000000e+00 1.000000000000000e+00 
src volume info
valid = 1  # volume info valid
filename = /localscratch/bpinsard.41508929.0/freesurfer_longitudinal_autoreconall_sub04.job/sub-04_ses-001.long.sub-04/mri/norm.mgz
volume = 320 320 320
voxelsize = 8.000000119209290e-01 8.000000119209290e-01 8.000000119209290e-01
xras   = -1.000000000000000e+00 0.000000000000000e+00 4.656612873077393e-10
yras   = -4.656612873077393e-10 0.000000000000000e+00 -1.000000000000000e+00
zras   = 0.000000000000000e+00 1.000000000000000e+00 0.000000000000000e+00
cras   = -2.881513118743896e+00 7.315050601959229e+00 1.888040542602539e+01
dst volume info
valid = 1  # volume info valid
filename = /localscratch/bpinsard.41508929.0/freesurfer_longitudinal_autoreconall_sub04.job/sub-04_ses-001.long.sub-04/mri/norm.mgz
volume = 320 320 320
voxelsize = 8.000000119209290e-01 8.000000119209290e-01 8.000000119209290e-01
xras   = -1.000000000000000e+00 0.000000000000000e+00 4.656612873077393e-10
yras   = -4.656612873077393e-10 0.000000000000000e+00 -1.000000000000000e+00
zras   = 0.000000000000000e+00 1.000000000000000e+00 0.000000000000000e+00
cras   = -2.881513118743896e+00 7.315050601959229e+00 1.888040542602539e+01
