type      = 1 # LINEAR_RAS_TO_RAS
nxforms   = 1
mean      = 0.0000 0.0000 0.0000
sigma     = 1.0000
1 4 4
1.043326854705811e+00 5.917287617921829e-02 -2.005338855087757e-02 -1.668218255043030e+00 
-5.776103585958481e-02 1.056435465812683e+00 1.121349185705185e-01 -3.439813232421875e+01 
2.968968451023102e-02 -1.236179023981094e-01 1.179911136627197e+00 -8.612716674804688e+00 
0.000000000000000e+00 0.000000000000000e+00 0.000000000000000e+00 1.000000000000000e+00 
src volume info
valid = 1  # volume info valid
filename = /localscratch/bpinsard.41394418.0/freesurfer_crosssectional_autorecon1smriprep_skullstripautorecon2autorecon3_sub01_ses007.job/sub-01_ses-007/mri/orig_nu.mgz
volume = 320 320 320
voxelsize = 7.999982237815857e-01 7.999982237815857e-01 7.999982237815857e-01
xras   = -1.000000000000000e+00 -9.313246174258438e-09 0.000000000000000e+00
yras   = 0.000000000000000e+00 0.000000000000000e+00 -1.000000000000000e+00
zras   = 0.000000000000000e+00 1.000000000000000e+00 0.000000000000000e+00
cras   = -2.688957214355469e+00 3.138837432861328e+01 -1.571283721923828e+01
dst volume info
valid = 1  # volume info valid
filename = /opt/freesurfer/mni/bin/../share/mni_autoreg/average_305.mnc
volume = 172 220 156
voxelsize = 1.000000000000000e+00 1.000000000000000e+00 1.000000000000000e+00
xras   = 1.000000000000000e+00 0.000000000000000e+00 0.000000000000000e+00
yras   = 0.000000000000000e+00 1.000000000000000e+00 0.000000000000000e+00
zras   = 0.000000000000000e+00 0.000000000000000e+00 1.000000000000000e+00
cras   = -9.499999880790710e-02 -1.651000022888184e+01 9.750000000000000e+00
subject fsaverage
fscale 0.100000
