# transform file transforms/talairach.lta
# created by bpinsard on Thu Oct  5 12:08:03 2023

type      = 0 # LINEAR_VOX_TO_VOX
nxforms   = 1
mean      = 157.0000 126.0000 136.0000
sigma     = 10000.0000
1 4 4
7.818388938903809e-01 -1.676810788922012e-03 -5.321673303842545e-02 1.171325206756592e+01 
0.000000000000000e+00 8.285174965858459e-01 -2.810328081250191e-02 2.423776817321777e+01 
5.130455270409584e-02 2.561320550739765e-02 8.128830194473267e-01 -1.554467391967773e+01 
0.000000000000000e+00 0.000000000000000e+00 0.000000000000000e+00 1.000000000000000e+00 
src volume info
valid = 1  # volume info valid
filename = nu.mgz
volume = 320 320 320
voxelsize = 7.999982237815857e-01 7.999982237815857e-01 7.999982237815857e-01
xras   = -1.000000000000000e+00 -9.313246174258438e-09 0.000000000000000e+00
yras   = 0.000000000000000e+00 0.000000000000000e+00 -1.000000000000000e+00
zras   = 0.000000000000000e+00 1.000000000000000e+00 0.000000000000000e+00
cras   = -2.688957214355469e+00 3.138837432861328e+01 -1.571283721923828e+01
dst volume info
valid = 1  # volume info valid
filename = /opt/freesurfer/average/RB_all_2020-01-02.gca
volume = 256 256 256
voxelsize = 1.000000000000000e+00 1.000000000000000e+00 1.000000000000000e+00
xras   = -1.000000000000000e+00 0.000000000000000e+00 0.000000000000000e+00
yras   = 0.000000000000000e+00 0.000000000000000e+00 -1.000000000000000e+00
zras   = 0.000000000000000e+00 1.000000000000000e+00 0.000000000000000e+00
cras   = 0.000000000000000e+00 0.000000000000000e+00 0.000000000000000e+00
