# transform file transforms/talairach_with_skull.lta
# created by bpinsard on Thu Oct  5 11:40:10 2023

type      = 0 # LINEAR_VOX_TO_VOX
nxforms   = 1
mean      = 158.0000 173.0000 142.0000
sigma     = 10000.0000
1 4 4
8.403314948081970e-01 -6.234718114137650e-02 -8.750467002391815e-02 1.583278274536133e+01 
6.367408484220505e-02 9.214386343955994e-01 2.487323880195618e-01 -3.561675262451172e+01 
4.584465920925140e-02 -2.365703135728836e-01 8.541430830955505e-01 1.429324913024902e+01 
0.000000000000000e+00 0.000000000000000e+00 0.000000000000000e+00 1.000000000000000e+00 
src volume info
valid = 1  # volume info valid
filename = nu.mgz
volume = 320 320 320
voxelsize = 7.999982237815857e-01 7.999982237815857e-01 7.999982237815857e-01
xras   = -1.000000000000000e+00 -9.313246174258438e-09 0.000000000000000e+00
yras   = 0.000000000000000e+00 0.000000000000000e+00 -1.000000000000000e+00
zras   = 0.000000000000000e+00 1.000000000000000e+00 0.000000000000000e+00
cras   = -2.688957214355469e+00 3.138837432861328e+01 -1.571283721923828e+01
dst volume info
valid = 1  # volume info valid
filename = /opt/freesurfer/average/RB_all_withskull_2020_01_02.gca
volume = 256 256 256
voxelsize = 1.000000000000000e+00 1.000000000000000e+00 1.000000000000000e+00
xras   = -1.000000000000000e+00 0.000000000000000e+00 0.000000000000000e+00
yras   = 0.000000000000000e+00 0.000000000000000e+00 -1.000000000000000e+00
zras   = 0.000000000000000e+00 1.000000000000000e+00 0.000000000000000e+00
cras   = 0.000000000000000e+00 0.000000000000000e+00 0.000000000000000e+00
