# transform file /localscratch/bpinsard.41537207.0/freesurfer_longitudinal_autoreconall_sub06.job/sub-06_ses-003.long.sub-06/mri/transforms/cc_up.lta
# created by bpinsard on Fri Oct 13 11:45:57 2023

type      = 0 # LINEAR_VOX_TO_VOX
nxforms   = 1
mean      = 160.0000 164.0000 165.0000
sigma     = 10000.0000
1 4 4
9.990930557250977e-01 8.904742076992989e-03 4.163675755262375e-02 -3.925778579711914e+01 
-8.897019550204277e-03 9.999602437019348e-01 -3.707793075591326e-04 -1.451625823974609e+01 
-4.163840785622597e-02 0.000000000000000e+00 9.991326928138733e-01 -1.221036720275879e+01 
0.000000000000000e+00 0.000000000000000e+00 0.000000000000000e+00 1.000000000000000e+00 
src volume info
valid = 1  # volume info valid
filename = /localscratch/bpinsard.41537207.0/freesurfer_longitudinal_autoreconall_sub06.job/sub-06_ses-003.long.sub-06/mri/norm.mgz
volume = 320 320 320
voxelsize = 8.000000119209290e-01 8.000000119209290e-01 8.000000119209290e-01
xras   = -1.000000000000000e+00 -1.663076065749891e-10 0.000000000000000e+00
yras   = 0.000000000000000e+00 0.000000000000000e+00 -1.000000000000000e+00
zras   = -1.663076065749891e-10 1.000000000000000e+00 0.000000000000000e+00
cras   = -1.959856003522873e-01 7.072904109954834e+00 1.618380737304688e+01
dst volume info
valid = 1  # volume info valid
filename = /localscratch/bpinsard.41537207.0/freesurfer_longitudinal_autoreconall_sub06.job/sub-06_ses-003.long.sub-06/mri/norm.mgz
volume = 320 320 320
voxelsize = 8.000000119209290e-01 8.000000119209290e-01 8.000000119209290e-01
xras   = -1.000000000000000e+00 -1.663076065749891e-10 0.000000000000000e+00
yras   = 0.000000000000000e+00 0.000000000000000e+00 -1.000000000000000e+00
zras   = -1.663076065749891e-10 1.000000000000000e+00 0.000000000000000e+00
cras   = -1.959856003522873e-01 7.072904109954834e+00 1.618380737304688e+01
