type      = 0 # LINEAR_VOX_TO_VOX
nxforms   = 1
mean      = 162.0000 177.0000 137.0000
sigma     = 10000.0000
1 4 4
9.998115897178650e-01 1.941887289285660e-02 -2.936622477136552e-04 -5.357360839843750e-01 
-1.941759511828423e-02 9.998041391372681e-01 3.860043361783028e-03 9.811752319335938e+00 
3.685655537992716e-04 -3.853612579405308e-03 9.999926090240479e-01 -3.214831542968750e+01 
0.000000000000000e+00 0.000000000000000e+00 0.000000000000000e+00 1.000000119209290e+00 
src volume info
valid = 1  # volume info valid
filename = /localscratch/bpinsard.41510479.0/freesurfer_template_autoreconall_sub02.job/sub-02/mri/norm_template.mgz
volume = 320 320 320
voxelsize = 8.000000119209290e-01 8.000000119209290e-01 8.000000119209290e-01
xras   = -1.000000000000000e+00 2.522523578907254e-10 -1.897353801849633e-18
yras   = -4.507062312340132e-18 -2.425354838839211e-12 -1.000000000000000e+00
zras   = 2.522523578907254e-10 1.000000000000000e+00 -2.425388449106558e-12
cras   = 1.280829548835754e+00 -8.290282487869263e-01 -2.512763500213623e+00
dst volume info
valid = 1  # volume info valid
filename = /localscratch/bpinsard.41510479.0/freesurfer_template_autoreconall_sub02.job/sub-02_ses-014/mri/norm.mgz
volume = 320 320 320
voxelsize = 8.000000119209290e-01 8.000000119209290e-01 8.000000119209290e-01
xras   = -9.999998807907104e-01 7.707967597525567e-10 0.000000000000000e+00
yras   = 0.000000000000000e+00 0.000000000000000e+00 -9.999999403953552e-01
zras   = 3.886384547513444e-09 9.999998807907104e-01 -7.275957614183426e-11
cras   = 4.610557556152344e+00 2.534001159667969e+01 2.956695556640625e+00
fscale 0.150000
