# transform file /localscratch/bpinsard.41510479.0/freesurfer_template_autoreconall_sub02.job/sub-02/mri/transforms/sub-02_ses-013_to_sub-02.lta
# created by bpinsard on Wed Oct 11 19:38:26 2023

type      = 1 # LINEAR_RAS_TO_RAS
nxforms   = 1
mean      = 159.0000 157.0000 141.0000
sigma     = 10000.0000
1 4 4
9.994695782661438e-01 -6.682923994958401e-03 -3.187865018844604e-02 -1.331756591796875e+00 
6.829987280070782e-03 9.999666213989258e-01 4.506514873355627e-03 -8.132324218750000e-01 
3.184745833277702e-02 -4.721853416413069e-03 9.994817972183228e-01 3.864212036132812e-01 
0.000000000000000e+00 0.000000000000000e+00 0.000000000000000e+00 1.000000238418579e+00 
src volume info
valid = 1  # volume info valid
filename = /localscratch/bpinsard.41510479.0/freesurfer_template_autoreconall_sub02.job/sub-02_ses-013/mri/norm.mgz
volume = 320 320 320
voxelsize = 8.000000119209290e-01 8.000000119209290e-01 8.000000119209290e-01
xras   = -1.000000000000000e+00 0.000000000000000e+00 -4.656612873077393e-09
yras   = -4.656612873077393e-09 0.000000000000000e+00 -1.000000119209290e+00
zras   = 0.000000000000000e+00 1.000000000000000e+00 0.000000000000000e+00
cras   = 1.646102905273438e+00 2.231811523437500e+01 -1.332522583007812e+01
dst volume info
valid = 1  # volume info valid
filename = /localscratch/bpinsard.41510479.0/freesurfer_template_autoreconall_sub02.job/sub-02/mri/norm_template.mgz
volume = 320 320 320
voxelsize = 8.000000119209290e-01 8.000000119209290e-01 8.000000119209290e-01
xras   = -1.000000000000000e+00 2.522523578907254e-10 -1.897353801849633e-18
yras   = -4.507062312340132e-18 -2.425354838839211e-12 -1.000000000000000e+00
zras   = 2.522523578907254e-10 1.000000000000000e+00 -2.425388449106558e-12
cras   = 1.280829548835754e+00 -8.290282487869263e-01 -2.512763500213623e+00
