type      = 0 # LINEAR_VOX_TO_VOX
nxforms   = 1
mean      = 162.0000 174.0000 135.0000
sigma     = 10000.0000
1 4 4
9.999861121177673e-01 1.611202256754041e-03 -5.003161262720823e-03 2.026351928710938e+00 
-1.620214316062629e-03 9.999971985816956e-01 -1.797733595594764e-03 3.846450805664062e+00 
5.000250879675150e-03 1.805814797990024e-03 9.999859929084778e-01 -3.466703796386719e+01 
0.000000000000000e+00 0.000000000000000e+00 0.000000000000000e+00 1.000000000000000e+00 
src volume info
valid = 1  # volume info valid
filename = /localscratch/bpinsard.41510479.0/freesurfer_template_autoreconall_sub02.job/sub-02/mri/norm_template.mgz
volume = 320 320 320
voxelsize = 8.000000119209290e-01 8.000000119209290e-01 8.000000119209290e-01
xras   = -1.000000000000000e+00 2.522523578907254e-10 -1.897353801849633e-18
yras   = -4.507062312340132e-18 -2.425354838839211e-12 -1.000000000000000e+00
zras   = 2.522523578907254e-10 1.000000000000000e+00 -2.425388449106558e-12
cras   = 1.280829548835754e+00 -8.290282487869263e-01 -2.512763500213623e+00
dst volume info
valid = 1  # volume info valid
filename = /localscratch/bpinsard.41510479.0/freesurfer_template_autoreconall_sub02.job/sub-02_ses-015/mri/norm.mgz
volume = 320 320 320
voxelsize = 8.000000119209290e-01 8.000000119209290e-01 8.000000119209290e-01
xras   = -1.000000000000000e+00 2.910383045673370e-10 0.000000000000000e+00
yras   = 0.000000000000000e+00 0.000000000000000e+00 -9.999999403953552e-01
zras   = 2.910383045673370e-10 1.000000000000000e+00 0.000000000000000e+00
cras   = 4.017219543457031e+00 2.593117523193359e+01 5.522308349609375e-01
fscale 0.150000
