type      = 0 # LINEAR_VOX_TO_VOX
nxforms   = 1
mean      = 158.0000 146.0000 135.0000
sigma     = 10000.0000
1 4 4
9.992380142211914e-01 -2.131951972842216e-02 3.277384862303734e-02 -2.533386230468750e+00 
2.087082900106907e-02 9.996873140335083e-01 1.397241279482841e-02 -2.885833740234375e+01 
-3.306140378117561e-02 -1.327771507203579e-02 9.993678927421570e-01 -2.585768890380859e+01 
0.000000000000000e+00 0.000000000000000e+00 0.000000000000000e+00 1.000000000000000e+00 
src volume info
valid = 1  # volume info valid
filename = /localscratch/bpinsard.41510479.0/freesurfer_template_autoreconall_sub02.job/sub-02/mri/norm_template.mgz
volume = 320 320 320
voxelsize = 8.000000119209290e-01 8.000000119209290e-01 8.000000119209290e-01
xras   = -1.000000000000000e+00 2.522523578907254e-10 -1.897353801849633e-18
yras   = -4.507062312340132e-18 -2.425354838839211e-12 -1.000000000000000e+00
zras   = 2.522523578907254e-10 1.000000000000000e+00 -2.425388449106558e-12
cras   = 1.280829548835754e+00 -8.290282487869263e-01 -2.512763500213623e+00
dst volume info
valid = 1  # volume info valid
filename = /localscratch/bpinsard.41510479.0/freesurfer_template_autoreconall_sub02.job/sub-02_ses-008/mri/norm.mgz
volume = 320 320 320
voxelsize = 7.999978661537170e-01 7.999978661537170e-01 7.999978661537170e-01
xras   = -1.000000119209290e+00 -2.328312653787634e-09 0.000000000000000e+00
yras   = 0.000000000000000e+00 0.000000000000000e+00 -1.000000000000000e+00
zras   = 4.656625307575268e-09 9.999999403953552e-01 0.000000000000000e+00
cras   = 9.716186523437500e-01 2.609428405761719e+01 -1.484594726562500e+01
fscale 0.150000
