# transform file /localscratch/bpinsard.41510479.0/freesurfer_template_autoreconall_sub02.job/sub-02/mri/transforms/sub-02_ses-001_to_sub-02.lta
# created by bpinsard on Wed Oct 11 19:38:26 2023

type      = 1 # LINEAR_RAS_TO_RAS
nxforms   = 1
mean      = 159.0000 164.0000 136.0000
sigma     = 10000.0000
1 4 4
9.997497797012329e-01 9.934987872838974e-03 2.004164643585682e-02 9.979400634765625e-01 
-9.928453713655472e-03 9.999505877494812e-01 -4.255366220604628e-04 -2.519683837890625e-01 
-2.004488743841648e-02 2.264475770061836e-04 9.997991919517517e-01 6.813018798828125e+00 
0.000000000000000e+00 0.000000000000000e+00 0.000000000000000e+00 1.000000000000000e+00 
src volume info
valid = 1  # volume info valid
filename = /localscratch/bpinsard.41510479.0/freesurfer_template_autoreconall_sub02.job/sub-02_ses-001/mri/norm.mgz
volume = 320 320 320
voxelsize = 7.999954223632812e-01 7.999954223632812e-01 7.999954223632812e-01
xras   = -1.000000000000000e+00 0.000000000000000e+00 0.000000000000000e+00
yras   = 0.000000000000000e+00 0.000000000000000e+00 -1.000000000000000e+00
zras   = 0.000000000000000e+00 1.000000000000000e+00 0.000000000000000e+00
cras   = -2.019500732421875e-01 2.593258666992188e+01 -1.390560913085938e+01
dst volume info
valid = 1  # volume info valid
filename = /localscratch/bpinsard.41510479.0/freesurfer_template_autoreconall_sub02.job/sub-02/mri/norm_template.mgz
volume = 320 320 320
voxelsize = 8.000000119209290e-01 8.000000119209290e-01 8.000000119209290e-01
xras   = -1.000000000000000e+00 2.522523578907254e-10 -1.897353801849633e-18
yras   = -4.507062312340132e-18 -2.425354838839211e-12 -1.000000000000000e+00
zras   = 2.522523578907254e-10 1.000000000000000e+00 -2.425388449106558e-12
cras   = 1.280829548835754e+00 -8.290282487869263e-01 -2.512763500213623e+00
