# transform file /localscratch/bpinsard.41510479.0/freesurfer_template_autoreconall_sub02.job/sub-02/mri/transforms/sub-02_ses-014_to_sub-02.lta
# created by bpinsard on Wed Oct 11 19:38:26 2023

type      = 1 # LINEAR_RAS_TO_RAS
nxforms   = 1
mean      = 162.0000 177.0000 137.0000
sigma     = 10000.0000
1 4 4
9.998112916946411e-01 -3.685659321490675e-04 -1.941758766770363e-02 -1.390090942382812e+00 
2.936658565886319e-04 9.999924898147583e-01 -3.860042197629809e-03 -1.521301269531250e-02 
1.941886730492115e-02 3.853612346574664e-03 9.998038411140442e-01 3.152923583984375e-01 
0.000000000000000e+00 0.000000000000000e+00 0.000000000000000e+00 9.999997615814209e-01 
src volume info
valid = 1  # volume info valid
filename = /localscratch/bpinsard.41510479.0/freesurfer_template_autoreconall_sub02.job/sub-02_ses-014/mri/norm.mgz
volume = 320 320 320
voxelsize = 8.000000119209290e-01 8.000000119209290e-01 8.000000119209290e-01
xras   = -9.999998807907104e-01 7.707967597525567e-10 0.000000000000000e+00
yras   = 0.000000000000000e+00 0.000000000000000e+00 -9.999999403953552e-01
zras   = 3.886384547513444e-09 9.999998807907104e-01 -7.275957614183426e-11
cras   = 4.610557556152344e+00 2.534001159667969e+01 2.956695556640625e+00
dst volume info
valid = 1  # volume info valid
filename = /localscratch/bpinsard.41510479.0/freesurfer_template_autoreconall_sub02.job/sub-02/mri/norm_template.mgz
volume = 320 320 320
voxelsize = 8.000000119209290e-01 8.000000119209290e-01 8.000000119209290e-01
xras   = -1.000000000000000e+00 2.522523578907254e-10 -1.897353801849633e-18
yras   = -4.507062312340132e-18 -2.425354838839211e-12 -1.000000000000000e+00
zras   = 2.522523578907254e-10 1.000000000000000e+00 -2.425388449106558e-12
cras   = 1.280829548835754e+00 -8.290282487869263e-01 -2.512763500213623e+00
