# transform file /localscratch/bpinsard.41510479.0/freesurfer_template_autoreconall_sub02.job/sub-02/mri/transforms/sub-02_ses-002_to_sub-02.lta
# created by bpinsard on Wed Oct 11 19:38:26 2023

type      = 1 # LINEAR_RAS_TO_RAS
nxforms   = 1
mean      = 161.0000 151.0000 136.0000
sigma     = 10000.0000
1 4 4
9.998674392700195e-01 -8.071101270616055e-03 1.414361130446196e-02 1.152862548828125e+00 
7.775052450597286e-03 9.997521638870239e-01 2.086308784782887e-02 9.047241210937500e-01 
-1.430849172174931e-02 -2.075035125017166e-02 9.996823668479919e-01 8.263481140136719e+00 
0.000000000000000e+00 0.000000000000000e+00 0.000000000000000e+00 1.000000000000000e+00 
src volume info
valid = 1  # volume info valid
filename = /localscratch/bpinsard.41510479.0/freesurfer_template_autoreconall_sub02.job/sub-02_ses-002/mri/norm.mgz
volume = 320 320 320
voxelsize = 7.999954223632812e-01 7.999954223632812e-01 7.999954223632812e-01
xras   = -1.000000000000000e+00 0.000000000000000e+00 0.000000000000000e+00
yras   = 0.000000000000000e+00 0.000000000000000e+00 -1.000000000000000e+00
zras   = 0.000000000000000e+00 1.000000000000000e+00 0.000000000000000e+00
cras   = 6.894760131835938e-01 2.593258666992188e+01 -2.549415588378906e+01
dst volume info
valid = 1  # volume info valid
filename = /localscratch/bpinsard.41510479.0/freesurfer_template_autoreconall_sub02.job/sub-02/mri/norm_template.mgz
volume = 320 320 320
voxelsize = 8.000000119209290e-01 8.000000119209290e-01 8.000000119209290e-01
xras   = -1.000000000000000e+00 2.522523578907254e-10 -1.897353801849633e-18
yras   = -4.507062312340132e-18 -2.425354838839211e-12 -1.000000000000000e+00
zras   = 2.522523578907254e-10 1.000000000000000e+00 -2.425388449106558e-12
cras   = 1.280829548835754e+00 -8.290282487869263e-01 -2.512763500213623e+00
