type      = 0 # LINEAR_VOX_TO_VOX
nxforms   = 1
mean      = 157.0000 166.0000 138.0000
sigma     = 10000.0000
1 4 4
9.996233582496643e-01 -1.424254663288593e-02 2.369737625122070e-02 -3.331130981445312e+00 
1.469918526709080e-02 9.997132420539856e-01 -1.920838654041290e-02 -3.841979980468750e+00 
-2.341686934232712e-02 1.954937167465687e-02 9.995402097702026e-01 -3.134762573242188e+01 
0.000000000000000e+00 0.000000000000000e+00 0.000000000000000e+00 1.000000000000000e+00 
src volume info
valid = 1  # volume info valid
filename = /localscratch/bpinsard.41510479.0/freesurfer_template_autoreconall_sub02.job/sub-02/mri/norm_template.mgz
volume = 320 320 320
voxelsize = 8.000000119209290e-01 8.000000119209290e-01 8.000000119209290e-01
xras   = -1.000000000000000e+00 2.522523578907254e-10 -1.897353801849633e-18
yras   = -4.507062312340132e-18 -2.425354838839211e-12 -1.000000000000000e+00
zras   = 2.522523578907254e-10 1.000000000000000e+00 -2.425388449106558e-12
cras   = 1.280829548835754e+00 -8.290282487869263e-01 -2.512763500213623e+00
dst volume info
valid = 1  # volume info valid
filename = /localscratch/bpinsard.41510479.0/freesurfer_template_autoreconall_sub02.job/sub-02_ses-005/mri/norm.mgz
volume = 320 320 320
voxelsize = 7.999954223632812e-01 7.999954223632812e-01 7.999954223632812e-01
xras   = -1.000000000000000e+00 0.000000000000000e+00 0.000000000000000e+00
yras   = 0.000000000000000e+00 0.000000000000000e+00 -1.000000000000000e+00
zras   = 0.000000000000000e+00 1.000000000000000e+00 0.000000000000000e+00
cras   = -2.019500732421875e-01 2.410752868652344e+01 -1.116802978515625e+01
fscale 0.150000
