# transform file /localscratch/bpinsard.41510479.0/freesurfer_template_autoreconall_sub02.job/sub-02/mri/transforms/sub-02_ses-008_to_sub-02.lta
# created by bpinsard on Wed Oct 11 19:38:26 2023

type      = 1 # LINEAR_RAS_TO_RAS
nxforms   = 1
mean      = 158.0000 146.0000 135.0000
sigma     = 10000.0000
1 4 4
9.992353320121765e-01 3.306130692362785e-02 2.087076753377914e-02 -4.074096679687500e-01 
-3.277376666665077e-02 9.993651509284973e-01 -1.397237367928028e-02 -1.185150146484375e-01 
-2.131946384906769e-02 1.327767688781023e-02 9.996845126152039e-01 -6.289543151855469e+00 
0.000000000000000e+00 0.000000000000000e+00 0.000000000000000e+00 1.000000000000000e+00 
src volume info
valid = 1  # volume info valid
filename = /localscratch/bpinsard.41510479.0/freesurfer_template_autoreconall_sub02.job/sub-02_ses-008/mri/norm.mgz
volume = 320 320 320
voxelsize = 7.999978661537170e-01 7.999978661537170e-01 7.999978661537170e-01
xras   = -1.000000119209290e+00 -2.328312653787634e-09 0.000000000000000e+00
yras   = 0.000000000000000e+00 0.000000000000000e+00 -1.000000000000000e+00
zras   = 4.656625307575268e-09 9.999999403953552e-01 0.000000000000000e+00
cras   = 9.716186523437500e-01 2.609428405761719e+01 -1.484594726562500e+01
dst volume info
valid = 1  # volume info valid
filename = /localscratch/bpinsard.41510479.0/freesurfer_template_autoreconall_sub02.job/sub-02/mri/norm_template.mgz
volume = 320 320 320
voxelsize = 8.000000119209290e-01 8.000000119209290e-01 8.000000119209290e-01
xras   = -1.000000000000000e+00 2.522523578907254e-10 -1.897353801849633e-18
yras   = -4.507062312340132e-18 -2.425354838839211e-12 -1.000000000000000e+00
zras   = 2.522523578907254e-10 1.000000000000000e+00 -2.425388449106558e-12
cras   = 1.280829548835754e+00 -8.290282487869263e-01 -2.512763500213623e+00
