type      = 0 # LINEAR_VOX_TO_VOX
nxforms   = 1
mean      = 159.0000 157.0000 141.0000
sigma     = 10000.0000
1 4 4
9.994692206382751e-01 3.184745088219643e-02 -6.829984020441771e-03 -5.008743286132812e+00 
-3.187863156199455e-02 9.994812607765198e-01 -4.506511613726616e-03 -7.025650024414062e+00 
6.682923529297113e-03 4.721852950751781e-03 9.999665021896362e-01 -2.974151611328125e+01 
0.000000000000000e+00 0.000000000000000e+00 0.000000000000000e+00 9.999998807907104e-01 
src volume info
valid = 1  # volume info valid
filename = /localscratch/bpinsard.41510479.0/freesurfer_template_autoreconall_sub02.job/sub-02/mri/norm_template.mgz
volume = 320 320 320
voxelsize = 8.000000119209290e-01 8.000000119209290e-01 8.000000119209290e-01
xras   = -1.000000000000000e+00 2.522523578907254e-10 -1.897353801849633e-18
yras   = -4.507062312340132e-18 -2.425354838839211e-12 -1.000000000000000e+00
zras   = 2.522523578907254e-10 1.000000000000000e+00 -2.425388449106558e-12
cras   = 1.280829548835754e+00 -8.290282487869263e-01 -2.512763500213623e+00
dst volume info
valid = 1  # volume info valid
filename = /localscratch/bpinsard.41510479.0/freesurfer_template_autoreconall_sub02.job/sub-02_ses-013/mri/norm.mgz
volume = 320 320 320
voxelsize = 8.000000119209290e-01 8.000000119209290e-01 8.000000119209290e-01
xras   = -1.000000000000000e+00 0.000000000000000e+00 -4.656612873077393e-09
yras   = -4.656612873077393e-09 0.000000000000000e+00 -1.000000119209290e+00
zras   = 0.000000000000000e+00 1.000000000000000e+00 0.000000000000000e+00
cras   = 1.646102905273438e+00 2.231811523437500e+01 -1.332522583007812e+01
fscale 0.150000
