# transform file /localscratch/bpinsard.41394456.0/freesurfer_crosssectional_autorecon1smriprep_skullstripautorecon2autorecon3_sub03_ses002.job/sub-03_ses-002/mri/transforms/cc_up.lta
# created by bpinsard on Thu Oct  5 16:03:14 2023

type      = 0 # LINEAR_VOX_TO_VOX
nxforms   = 1
mean      = 160.0000 137.0000 145.0000
sigma     = 10000.0000
1 4 4
9.999686479568481e-01 -6.985167972743511e-03 -3.707996103912592e-03 -2.974998283386230e+01 
6.985120009630919e-03 9.999755620956421e-01 -2.590161057014484e-05 1.288131046295166e+01 
3.708086675032973e-03 0.000000000000000e+00 9.999930858612061e-01 6.403834819793701e+00 
0.000000000000000e+00 0.000000000000000e+00 0.000000000000000e+00 1.000000000000000e+00 
src volume info
valid = 1  # volume info valid
filename = /localscratch/bpinsard.41394456.0/freesurfer_crosssectional_autorecon1smriprep_skullstripautorecon2autorecon3_sub03_ses002.job/sub-03_ses-002/mri/norm.mgz
volume = 320 320 320
voxelsize = 7.999954223632812e-01 7.999954223632812e-01 7.999954223632812e-01
xras   = -1.000000000000000e+00 0.000000000000000e+00 0.000000000000000e+00
yras   = 0.000000000000000e+00 0.000000000000000e+00 -1.000000000000000e+00
zras   = 0.000000000000000e+00 1.000000000000000e+00 0.000000000000000e+00
cras   = 1.605278015136719e+00 2.171570587158203e+01 -6.074279785156250e+00
dst volume info
valid = 1  # volume info valid
filename = /localscratch/bpinsard.41394456.0/freesurfer_crosssectional_autorecon1smriprep_skullstripautorecon2autorecon3_sub03_ses002.job/sub-03_ses-002/mri/norm.mgz
volume = 320 320 320
voxelsize = 7.999954223632812e-01 7.999954223632812e-01 7.999954223632812e-01
xras   = -1.000000000000000e+00 0.000000000000000e+00 0.000000000000000e+00
yras   = 0.000000000000000e+00 0.000000000000000e+00 -1.000000000000000e+00
zras   = 0.000000000000000e+00 1.000000000000000e+00 0.000000000000000e+00
cras   = 1.605278015136719e+00 2.171570587158203e+01 -6.074279785156250e+00
