# transform file transforms/talairach_with_skull.lta
# created by bpinsard on Thu Oct  5 12:37:11 2023

type      = 0 # LINEAR_VOX_TO_VOX
nxforms   = 1
mean      = 162.0000 177.0000 149.0000
sigma     = 10000.0000
1 4 4
8.973663449287415e-01 3.380231559276581e-02 -2.035630866885185e-02 -2.313520812988281e+01 
-5.909354612231255e-02 8.338232636451721e-01 2.094662040472031e-01 -1.343693637847900e+01 
2.922926470637321e-02 -2.129242122173309e-01 8.525122404098511e-01 9.207887649536133e+00 
0.000000000000000e+00 0.000000000000000e+00 0.000000000000000e+00 1.000000000000000e+00 
src volume info
valid = 1  # volume info valid
filename = nu.mgz
volume = 320 320 320
voxelsize = 7.999954223632812e-01 7.999954223632812e-01 7.999954223632812e-01
xras   = -1.000000000000000e+00 0.000000000000000e+00 0.000000000000000e+00
yras   = 0.000000000000000e+00 0.000000000000000e+00 -1.000000000000000e+00
zras   = 0.000000000000000e+00 1.000000000000000e+00 0.000000000000000e+00
cras   = 1.605278015136719e+00 2.171570587158203e+01 -6.074279785156250e+00
dst volume info
valid = 1  # volume info valid
filename = /opt/freesurfer/average/RB_all_withskull_2020_01_02.gca
volume = 256 256 256
voxelsize = 1.000000000000000e+00 1.000000000000000e+00 1.000000000000000e+00
xras   = -1.000000000000000e+00 0.000000000000000e+00 0.000000000000000e+00
yras   = 0.000000000000000e+00 0.000000000000000e+00 -1.000000000000000e+00
zras   = 0.000000000000000e+00 1.000000000000000e+00 0.000000000000000e+00
cras   = 0.000000000000000e+00 0.000000000000000e+00 0.000000000000000e+00
