# transform file /localscratch/bpinsard.41394442.0/freesurfer_crosssectional_autorecon1smriprep_skullstripautorecon2autorecon3_sub02_ses003.job/sub-02_ses-003/mri/transforms/cc_up.lta
# created by bpinsard on Thu Oct  5 15:47:54 2023

type      = 0 # LINEAR_VOX_TO_VOX
nxforms   = 1
mean      = 162.0000 160.0000 137.0000
sigma     = 10000.0000
1 4 4
9.998318552970886e-01 4.526332952082157e-03 -1.777074858546257e-02 -3.126991081237793e+01 
-4.525618162006140e-03 9.999897480010986e-01 8.043715206440538e-05 -1.128051376342773e+01 
1.777092926204205e-02 0.000000000000000e+00 9.998421072959900e-01 2.616477966308594e+01 
0.000000000000000e+00 0.000000000000000e+00 0.000000000000000e+00 1.000000000000000e+00 
src volume info
valid = 1  # volume info valid
filename = /localscratch/bpinsard.41394442.0/freesurfer_crosssectional_autorecon1smriprep_skullstripautorecon2autorecon3_sub02_ses003.job/sub-02_ses-003/mri/norm.mgz
volume = 320 320 320
voxelsize = 8.000000119209290e-01 8.000000119209290e-01 8.000000119209290e-01
xras   = -1.000000119209290e+00 0.000000000000000e+00 0.000000000000000e+00
yras   = 0.000000000000000e+00 0.000000000000000e+00 -1.000000000000000e+00
zras   = 0.000000000000000e+00 1.000000000000000e+00 0.000000000000000e+00
cras   = 3.028366088867188e+00 2.533018493652344e+01 -1.390560913085938e+01
dst volume info
valid = 1  # volume info valid
filename = /localscratch/bpinsard.41394442.0/freesurfer_crosssectional_autorecon1smriprep_skullstripautorecon2autorecon3_sub02_ses003.job/sub-02_ses-003/mri/norm.mgz
volume = 320 320 320
voxelsize = 8.000000119209290e-01 8.000000119209290e-01 8.000000119209290e-01
xras   = -1.000000119209290e+00 0.000000000000000e+00 0.000000000000000e+00
yras   = 0.000000000000000e+00 0.000000000000000e+00 -1.000000000000000e+00
zras   = 0.000000000000000e+00 1.000000000000000e+00 0.000000000000000e+00
cras   = 3.028366088867188e+00 2.533018493652344e+01 -1.390560913085938e+01
