# transform file /localscratch/bpinsard.41394468.0/freesurfer_crosssectional_autorecon1smriprep_skullstripautorecon2autorecon3_sub03_ses014.job/sub-03_ses-014/mri/transforms/cc_up.lta
# created by bpinsard on Thu Oct  5 16:13:34 2023

type      = 0 # LINEAR_VOX_TO_VOX
nxforms   = 1
mean      = 158.0000 131.0000 146.0000
sigma     = 10000.0000
1 4 4
9.998543858528137e-01 -7.438438944518566e-03 -1.536630187183619e-02 -2.653860855102539e+01 
7.437560707330704e-03 9.999724626541138e-01 -1.143044428317808e-04 2.084007453918457e+01 
1.536672748625278e-02 0.000000000000000e+00 9.998820424079895e-01 1.582774877548218e+00 
0.000000000000000e+00 0.000000000000000e+00 0.000000000000000e+00 1.000000000000000e+00 
src volume info
valid = 1  # volume info valid
filename = /localscratch/bpinsard.41394468.0/freesurfer_crosssectional_autorecon1smriprep_skullstripautorecon2autorecon3_sub03_ses014.job/sub-03_ses-014/mri/norm.mgz
volume = 320 320 320
voxelsize = 7.999960780143738e-01 7.999960780143738e-01 7.999960780143738e-01
xras   = -1.000000000000000e+00 -3.557847128021763e-09 1.164158880406774e-09
yras   = 0.000000000000000e+00 -3.637996501271168e-11 -1.000000000000000e+00
zras   = 3.558983996398979e-09 9.999999403953552e-01 0.000000000000000e+00
cras   = 1.575408935546875e+00 2.052926635742188e+01 1.752670288085938e+00
dst volume info
valid = 1  # volume info valid
filename = /localscratch/bpinsard.41394468.0/freesurfer_crosssectional_autorecon1smriprep_skullstripautorecon2autorecon3_sub03_ses014.job/sub-03_ses-014/mri/norm.mgz
volume = 320 320 320
voxelsize = 7.999960780143738e-01 7.999960780143738e-01 7.999960780143738e-01
xras   = -1.000000000000000e+00 -3.557847128021763e-09 1.164158880406774e-09
yras   = 0.000000000000000e+00 -3.637996501271168e-11 -1.000000000000000e+00
zras   = 3.558983996398979e-09 9.999999403953552e-01 0.000000000000000e+00
cras   = 1.575408935546875e+00 2.052926635742188e+01 1.752670288085938e+00
