type      = 1 # LINEAR_RAS_TO_RAS
nxforms   = 1
mean      = 0.0000 0.0000 0.0000
sigma     = 1.0000
1 4 4
1.071769952774048e+00 2.711299993097782e-02 -7.180000189691782e-03 -2.882797002792358e+00 
2.439600042998791e-02 1.026010990142822e+00 1.166889965534210e-01 -3.180143737792969e+01 
2.618999918922782e-03 -6.672800332307816e-02 1.126994013786316e+00 -2.495707702636719e+01 
0.000000000000000e+00 0.000000000000000e+00 0.000000000000000e+00 1.000000000000000e+00 
src volume info
valid = 1  # volume info valid
filename = /localscratch/bpinsard.41394468.0/freesurfer_crosssectional_autorecon1smriprep_skullstripautorecon2autorecon3_sub03_ses014.job/sub-03_ses-014/mri/orig_nu.mgz
volume = 320 320 320
voxelsize = 7.999960780143738e-01 7.999960780143738e-01 7.999960780143738e-01
xras   = -1.000000000000000e+00 -3.557847128021763e-09 1.164158880406774e-09
yras   = 0.000000000000000e+00 -3.637996501271168e-11 -1.000000000000000e+00
zras   = 3.558983996398979e-09 9.999999403953552e-01 0.000000000000000e+00
cras   = 1.575408935546875e+00 2.052926635742188e+01 1.752670288085938e+00
dst volume info
valid = 1  # volume info valid
filename = /opt/freesurfer/average/mni305.cor.mgz
volume = 256 256 256
voxelsize = 1.000000000000000e+00 1.000000000000000e+00 1.000000000000000e+00
xras   = -1.000000000000000e+00 0.000000000000000e+00 0.000000000000000e+00
yras   = 0.000000000000000e+00 0.000000000000000e+00 -1.000000000000000e+00
zras   = 0.000000000000000e+00 1.000000000000000e+00 0.000000000000000e+00
cras   = 0.000000000000000e+00 0.000000000000000e+00 0.000000000000000e+00
subject fsaverage
fscale 0.100000
