type      = 0 # LINEAR_VOX_TO_VOX
nxforms   = 1
mean      = 0.0000 0.0000 0.0000
sigma     = 1.0000
1 4 4
8.574117422103882e-01 -5.743972025811672e-03 -2.169029600918293e-02 -4.146102905273438e+00 
2.095188247039914e-03 9.015907645225525e-01 5.338213592767715e-02 -7.833251953125000e-01 
-1.951670832931995e-02 -9.335073828697205e-02 8.208047151565552e-01 4.234809875488281e+00 
0.000000000000000e+00 0.000000000000000e+00 0.000000000000000e+00 1.000000000000000e+00 
src volume info
valid = 1  # volume info valid
filename = /localscratch/bpinsard.41394468.0/freesurfer_crosssectional_autorecon1smriprep_skullstripautorecon2autorecon3_sub03_ses014.job/sub-03_ses-014/mri/orig.mgz
volume = 320 320 320
voxelsize = 7.999960780143738e-01 7.999960780143738e-01 7.999960780143738e-01
xras   = -1.000000000000000e+00 -3.557847128021763e-09 1.164158880406774e-09
yras   = 0.000000000000000e+00 -3.637996501271168e-11 -1.000000000000000e+00
zras   = 3.558983996398979e-09 9.999999403953552e-01 0.000000000000000e+00
cras   = 1.575408935546875e+00 2.052926635742188e+01 1.752670288085938e+00
dst volume info
valid = 1  # volume info valid
filename = /opt/freesurfer/average/mni305.cor.mgz
volume = 256 256 256
voxelsize = 1.000000000000000e+00 1.000000000000000e+00 1.000000000000000e+00
xras   = -1.000000000000000e+00 0.000000000000000e+00 0.000000000000000e+00
yras   = 0.000000000000000e+00 0.000000000000000e+00 -1.000000000000000e+00
zras   = 0.000000000000000e+00 1.000000000000000e+00 0.000000000000000e+00
cras   = 0.000000000000000e+00 0.000000000000000e+00 0.000000000000000e+00
subject fsaverage
fscale 0.100000
