# transform file /localscratch/bpinsard.41394455.0/freesurfer_crosssectional_autorecon1smriprep_skullstripautorecon2autorecon3_sub03_ses001.job/sub-03_ses-001/mri/transforms/cc_up.lta
# created by bpinsard on Thu Oct  5 16:08:18 2023

type      = 0 # LINEAR_VOX_TO_VOX
nxforms   = 1
mean      = 160.0000 132.0000 149.0000
sigma     = 10000.0000
1 4 4
9.999687075614929e-01 1.912993146106601e-03 -7.685913704335690e-03 -3.120047378540039e+01 
-1.912936684675515e-03 9.999982118606567e-01 1.470312599849422e-05 2.130626869201660e+01 
7.685927674174309e-03 9.094948101931455e-13 9.999704957008362e-01 -3.233601570129395e+00 
0.000000000000000e+00 0.000000000000000e+00 0.000000000000000e+00 1.000000000000000e+00 
src volume info
valid = 1  # volume info valid
filename = /localscratch/bpinsard.41394455.0/freesurfer_crosssectional_autorecon1smriprep_skullstripautorecon2autorecon3_sub03_ses001.job/sub-03_ses-001/mri/norm.mgz
volume = 320 320 320
voxelsize = 7.999954223632812e-01 7.999954223632812e-01 7.999954223632812e-01
xras   = -1.000000000000000e+00 0.000000000000000e+00 0.000000000000000e+00
yras   = 0.000000000000000e+00 0.000000000000000e+00 -1.000000000000000e+00
zras   = 0.000000000000000e+00 1.000000000000000e+00 0.000000000000000e+00
cras   = 1.002868652343750e+00 2.138354492187500e+01 -1.982272338867188e+01
dst volume info
valid = 1  # volume info valid
filename = /localscratch/bpinsard.41394455.0/freesurfer_crosssectional_autorecon1smriprep_skullstripautorecon2autorecon3_sub03_ses001.job/sub-03_ses-001/mri/norm.mgz
volume = 320 320 320
voxelsize = 7.999954223632812e-01 7.999954223632812e-01 7.999954223632812e-01
xras   = -1.000000000000000e+00 0.000000000000000e+00 0.000000000000000e+00
yras   = 0.000000000000000e+00 0.000000000000000e+00 -1.000000000000000e+00
zras   = 0.000000000000000e+00 1.000000000000000e+00 0.000000000000000e+00
cras   = 1.002868652343750e+00 2.138354492187500e+01 -1.982272338867188e+01
