# transform file /localscratch/bpinsard.41537206.0/freesurfer_longitudinal_autoreconall_sub05.job/sub-05_ses-012.long.sub-05/mri/transforms/cc_up.lta
# created by bpinsard on Fri Oct 13 21:51:36 2023

type      = 0 # LINEAR_VOX_TO_VOX
nxforms   = 1
mean      = 160.0000 166.0000 169.0000
sigma     = 10000.0000
1 4 4
9.999334812164307e-01 -1.677488093264401e-03 -1.142004691064358e-02 -2.918331336975098e+01 
1.677378779277205e-03 9.999986886978149e-01 -1.915701977850404e-05 -1.626388359069824e+01 
1.142006274312735e-02 0.000000000000000e+00 9.999348521232605e-01 -1.080685710906982e+01 
0.000000000000000e+00 0.000000000000000e+00 0.000000000000000e+00 1.000000000000000e+00 
src volume info
valid = 1  # volume info valid
filename = /localscratch/bpinsard.41537206.0/freesurfer_longitudinal_autoreconall_sub05.job/sub-05_ses-012.long.sub-05/mri/norm.mgz
volume = 320 320 320
voxelsize = 8.000000119209290e-01 8.000000119209290e-01 8.000000119209290e-01
xras   = -1.000000000000000e+00 0.000000000000000e+00 0.000000000000000e+00
yras   = 0.000000000000000e+00 0.000000000000000e+00 -1.000000000000000e+00
zras   = 0.000000000000000e+00 1.000000000000000e+00 0.000000000000000e+00
cras   = -2.421693563461304e+00 3.640967845916748e+00 1.867736244201660e+01
dst volume info
valid = 1  # volume info valid
filename = /localscratch/bpinsard.41537206.0/freesurfer_longitudinal_autoreconall_sub05.job/sub-05_ses-012.long.sub-05/mri/norm.mgz
volume = 320 320 320
voxelsize = 8.000000119209290e-01 8.000000119209290e-01 8.000000119209290e-01
xras   = -1.000000000000000e+00 0.000000000000000e+00 0.000000000000000e+00
yras   = 0.000000000000000e+00 0.000000000000000e+00 -1.000000000000000e+00
zras   = 0.000000000000000e+00 1.000000000000000e+00 0.000000000000000e+00
cras   = -2.421693563461304e+00 3.640967845916748e+00 1.867736244201660e+01
