# transform file /localscratch/bpinsard.41394470.0/freesurfer_crosssectional_autorecon1smriprep_skullstripautorecon2autorecon3_sub04_ses002.job/sub-04_ses-002/mri/transforms/cc_up.lta
# created by bpinsard on Thu Oct  5 16:21:44 2023

type      = 0 # LINEAR_VOX_TO_VOX
nxforms   = 1
mean      = 156.0000 129.0000 145.0000
sigma     = 10000.0000
1 4 4
9.978114366531372e-01 5.338807404041290e-02 -3.901542350649834e-02 -2.844883346557617e+01 
-5.334731191396713e-02 9.985738992691040e-01 2.085933228954673e-03 3.226935958862305e+01 
3.907114639878273e-02 -2.328306714094452e-10 9.992364645004272e-01 -8.047129631042480e+00 
0.000000000000000e+00 0.000000000000000e+00 0.000000000000000e+00 1.000000000000000e+00 
src volume info
valid = 1  # volume info valid
filename = /localscratch/bpinsard.41394470.0/freesurfer_crosssectional_autorecon1smriprep_skullstripautorecon2autorecon3_sub04_ses002.job/sub-04_ses-002/mri/norm.mgz
volume = 320 320 320
voxelsize = 8.000000119209290e-01 8.000000119209290e-01 8.000000119209290e-01
xras   = -1.000000119209290e+00 0.000000000000000e+00 0.000000000000000e+00
yras   = 0.000000000000000e+00 0.000000000000000e+00 -1.000000000000000e+00
zras   = 0.000000000000000e+00 1.000000000000000e+00 0.000000000000000e+00
cras   = -3.817199707031250e+00 2.472778320312500e+01 -6.676681518554688e+00
dst volume info
valid = 1  # volume info valid
filename = /localscratch/bpinsard.41394470.0/freesurfer_crosssectional_autorecon1smriprep_skullstripautorecon2autorecon3_sub04_ses002.job/sub-04_ses-002/mri/norm.mgz
volume = 320 320 320
voxelsize = 8.000000119209290e-01 8.000000119209290e-01 8.000000119209290e-01
xras   = -1.000000119209290e+00 0.000000000000000e+00 0.000000000000000e+00
yras   = 0.000000000000000e+00 0.000000000000000e+00 -1.000000000000000e+00
zras   = 0.000000000000000e+00 1.000000000000000e+00 0.000000000000000e+00
cras   = -3.817199707031250e+00 2.472778320312500e+01 -6.676681518554688e+00
