# transform file transforms/talairach_with_skull.lta
# created by bpinsard on Thu Oct  5 12:55:53 2023

type      = 0 # LINEAR_VOX_TO_VOX
nxforms   = 1
mean      = 158.0000 173.0000 146.0000
sigma     = 10000.0000
1 4 4
9.337354898452759e-01 1.074427589774132e-01 7.062255870550871e-03 -3.697753906250000e+01 
-1.048387587070465e-01 8.733835816383362e-01 5.217109620571136e-02 1.590000724792480e+01 
2.651453949511051e-03 -1.116383150219917e-01 9.338322877883911e-01 -1.890422821044922e+01 
0.000000000000000e+00 0.000000000000000e+00 0.000000000000000e+00 1.000000000000000e+00 
src volume info
valid = 1  # volume info valid
filename = nu.mgz
volume = 320 320 320
voxelsize = 8.000000119209290e-01 8.000000119209290e-01 8.000000119209290e-01
xras   = -1.000000119209290e+00 0.000000000000000e+00 0.000000000000000e+00
yras   = 0.000000000000000e+00 0.000000000000000e+00 -1.000000000000000e+00
zras   = 0.000000000000000e+00 1.000000000000000e+00 0.000000000000000e+00
cras   = -3.817199707031250e+00 2.472778320312500e+01 -6.676681518554688e+00
dst volume info
valid = 1  # volume info valid
filename = /opt/freesurfer/average/RB_all_withskull_2020_01_02.gca
volume = 256 256 256
voxelsize = 1.000000000000000e+00 1.000000000000000e+00 1.000000000000000e+00
xras   = -1.000000000000000e+00 0.000000000000000e+00 0.000000000000000e+00
yras   = 0.000000000000000e+00 0.000000000000000e+00 -1.000000000000000e+00
zras   = 0.000000000000000e+00 1.000000000000000e+00 0.000000000000000e+00
cras   = 0.000000000000000e+00 0.000000000000000e+00 0.000000000000000e+00
