# transform file transforms/talairach.lta
# created by bpinsard on Thu Oct  5 13:26:10 2023

type      = 0 # LINEAR_VOX_TO_VOX
nxforms   = 1
mean      = 156.0000 130.0000 145.0000
sigma     = 10000.0000
1 4 4
8.760602474212646e-01 -2.620061859488487e-02 -4.136356711387634e-02 -9.150815010070801e-01 
2.763856388628483e-02 8.584070205688477e-01 3.160761669278145e-02 6.401699781417847e-01 
4.398683458566666e-02 -2.240109629929066e-02 8.391363620758057e-01 -1.870291137695312e+01 
0.000000000000000e+00 0.000000000000000e+00 0.000000000000000e+00 1.000000000000000e+00 
src volume info
valid = 1  # volume info valid
filename = nu.mgz
volume = 320 320 320
voxelsize = 8.000000119209290e-01 8.000000119209290e-01 8.000000119209290e-01
xras   = -1.000000119209290e+00 0.000000000000000e+00 0.000000000000000e+00
yras   = 0.000000000000000e+00 0.000000000000000e+00 -1.000000000000000e+00
zras   = 0.000000000000000e+00 1.000000000000000e+00 0.000000000000000e+00
cras   = -3.817199707031250e+00 2.472778320312500e+01 -6.676681518554688e+00
dst volume info
valid = 1  # volume info valid
filename = /opt/freesurfer/average/RB_all_2020-01-02.gca
volume = 256 256 256
voxelsize = 1.000000000000000e+00 1.000000000000000e+00 1.000000000000000e+00
xras   = -1.000000000000000e+00 0.000000000000000e+00 0.000000000000000e+00
yras   = 0.000000000000000e+00 0.000000000000000e+00 -1.000000000000000e+00
zras   = 0.000000000000000e+00 1.000000000000000e+00 0.000000000000000e+00
cras   = 0.000000000000000e+00 0.000000000000000e+00 0.000000000000000e+00
