# transform file /localscratch/bpinsard.41537203.0/freesurfer_longitudinal_autoreconall_sub02.job/sub-02_ses-005.long.sub-02/mri/transforms/cc_up.lta
# created by bpinsard on Sat Oct 14 15:08:09 2023

type      = 0 # LINEAR_VOX_TO_VOX
nxforms   = 1
mean      = 160.0000 170.0000 173.0000
sigma     = 10000.0000
1 4 4
9.995872974395752e-01 -8.357960730791092e-03 -2.748465724289417e-02 -2.519725990295410e+01 
8.354802615940571e-03 9.999651312828064e-01 -2.297236787853763e-04 -1.728549385070801e+01 
2.748561836779118e-02 -1.455191522836685e-11 9.996222257614136e-01 -1.429770469665527e+01 
0.000000000000000e+00 0.000000000000000e+00 0.000000000000000e+00 1.000000000000000e+00 
src volume info
valid = 1  # volume info valid
filename = /localscratch/bpinsard.41537203.0/freesurfer_longitudinal_autoreconall_sub02.job/sub-02_ses-005.long.sub-02/mri/norm.mgz
volume = 320 320 320
voxelsize = 8.000000119209290e-01 8.000000119209290e-01 8.000000119209290e-01
xras   = -1.000000000000000e+00 2.522523578907254e-10 -1.897353801849633e-18
yras   = -4.507062312340132e-18 -2.425354838839211e-12 -1.000000000000000e+00
zras   = 2.522523578907254e-10 1.000000000000000e+00 -2.425388449106558e-12
cras   = 1.280829548835754e+00 -8.290282487869263e-01 -2.512763500213623e+00
dst volume info
valid = 1  # volume info valid
filename = /localscratch/bpinsard.41537203.0/freesurfer_longitudinal_autoreconall_sub02.job/sub-02_ses-005.long.sub-02/mri/norm.mgz
volume = 320 320 320
voxelsize = 8.000000119209290e-01 8.000000119209290e-01 8.000000119209290e-01
xras   = -1.000000000000000e+00 2.522523578907254e-10 -1.897353801849633e-18
yras   = -4.507062312340132e-18 -2.425354838839211e-12 -1.000000000000000e+00
zras   = 2.522523578907254e-10 1.000000000000000e+00 -2.425388449106558e-12
cras   = 1.280829548835754e+00 -8.290282487869263e-01 -2.512763500213623e+00
