# transform file /localscratch/bpinsard.41394478.0/freesurfer_crosssectional_autorecon1smriprep_skullstripautorecon2autorecon3_sub05_ses005.job/sub-05_ses-005/mri/transforms/cc_up.lta
# created by bpinsard on Thu Oct  5 16:09:23 2023

type      = 0 # LINEAR_VOX_TO_VOX
nxforms   = 1
mean      = 163.0000 126.0000 142.0000
sigma     = 10000.0000
1 4 4
9.996803998947144e-01 4.782393109053373e-03 2.482704259455204e-02 -3.816097640991211e+01 
-4.780919291079044e-03 9.999886155128479e-01 -1.187340385513380e-04 2.279344940185547e+01 
-2.482732571661472e-02 7.275958481545164e-12 9.996918439865112e-01 2.308044624328613e+01 
0.000000000000000e+00 0.000000000000000e+00 0.000000000000000e+00 1.000000000000000e+00 
src volume info
valid = 1  # volume info valid
filename = /localscratch/bpinsard.41394478.0/freesurfer_crosssectional_autorecon1smriprep_skullstripautorecon2autorecon3_sub05_ses005.job/sub-05_ses-005/mri/norm.mgz
volume = 320 320 320
voxelsize = 7.999954223632812e-01 7.999954223632812e-01 7.999954223632812e-01
xras   = -1.000000000000000e+00 0.000000000000000e+00 0.000000000000000e+00
yras   = 0.000000000000000e+00 0.000000000000000e+00 -1.000000000000000e+00
zras   = 0.000000000000000e+00 1.000000000000000e+00 0.000000000000000e+00
cras   = -2.019500732421875e-01 2.593258666992188e+01 -1.390560913085938e+01
dst volume info
valid = 1  # volume info valid
filename = /localscratch/bpinsard.41394478.0/freesurfer_crosssectional_autorecon1smriprep_skullstripautorecon2autorecon3_sub05_ses005.job/sub-05_ses-005/mri/norm.mgz
volume = 320 320 320
voxelsize = 7.999954223632812e-01 7.999954223632812e-01 7.999954223632812e-01
xras   = -1.000000000000000e+00 0.000000000000000e+00 0.000000000000000e+00
yras   = 0.000000000000000e+00 0.000000000000000e+00 -1.000000000000000e+00
zras   = 0.000000000000000e+00 1.000000000000000e+00 0.000000000000000e+00
cras   = -2.019500732421875e-01 2.593258666992188e+01 -1.390560913085938e+01
