# transform file transforms/talairach_with_skull.lta
# created by bpinsard on Thu Oct  5 12:53:06 2023

type      = 0 # LINEAR_VOX_TO_VOX
nxforms   = 1
mean      = 163.0000 169.0000 140.0000
sigma     = 10000.0000
1 4 4
9.351715445518494e-01 -7.977650966495275e-04 8.280670153908432e-04 -2.697166824340820e+01 
-5.831698072142899e-04 8.559838533401489e-01 2.498876601457596e-01 -2.096443939208984e+01 
-1.041191047988832e-03 -2.812789976596832e-01 9.472836256027222e-01 8.506455421447754e+00 
0.000000000000000e+00 0.000000000000000e+00 0.000000000000000e+00 1.000000000000000e+00 
src volume info
valid = 1  # volume info valid
filename = nu.mgz
volume = 320 320 320
voxelsize = 7.999954223632812e-01 7.999954223632812e-01 7.999954223632812e-01
xras   = -1.000000000000000e+00 0.000000000000000e+00 0.000000000000000e+00
yras   = 0.000000000000000e+00 0.000000000000000e+00 -1.000000000000000e+00
zras   = 0.000000000000000e+00 1.000000000000000e+00 0.000000000000000e+00
cras   = -2.019500732421875e-01 2.593258666992188e+01 -1.390560913085938e+01
dst volume info
valid = 1  # volume info valid
filename = /opt/freesurfer/average/RB_all_withskull_2020_01_02.gca
volume = 256 256 256
voxelsize = 1.000000000000000e+00 1.000000000000000e+00 1.000000000000000e+00
xras   = -1.000000000000000e+00 0.000000000000000e+00 0.000000000000000e+00
yras   = 0.000000000000000e+00 0.000000000000000e+00 -1.000000000000000e+00
zras   = 0.000000000000000e+00 1.000000000000000e+00 0.000000000000000e+00
cras   = 0.000000000000000e+00 0.000000000000000e+00 0.000000000000000e+00
