# transform file transforms/talairach.lta
# created by bpinsard on Thu Oct  5 13:21:32 2023

type      = 0 # LINEAR_VOX_TO_VOX
nxforms   = 1
mean      = 162.0000 126.0000 142.0000
sigma     = 10000.0000
1 4 4
8.592814803123474e-01 3.823037073016167e-02 2.550705894827843e-02 -2.185651779174805e+01 
-3.285025432705879e-02 8.659415245056152e-01 1.920332908630371e-01 -6.808123588562012e+00 
-8.627144619822502e-03 -1.794293224811554e-01 8.211779594421387e-01 1.857328414916992e+01 
0.000000000000000e+00 0.000000000000000e+00 0.000000000000000e+00 1.000000000000000e+00 
src volume info
valid = 1  # volume info valid
filename = nu.mgz
volume = 320 320 320
voxelsize = 7.999954223632812e-01 7.999954223632812e-01 7.999954223632812e-01
xras   = -1.000000000000000e+00 0.000000000000000e+00 0.000000000000000e+00
yras   = 0.000000000000000e+00 0.000000000000000e+00 -1.000000000000000e+00
zras   = 0.000000000000000e+00 1.000000000000000e+00 0.000000000000000e+00
cras   = -2.019500732421875e-01 2.593258666992188e+01 -1.390560913085938e+01
dst volume info
valid = 1  # volume info valid
filename = /opt/freesurfer/average/RB_all_2020-01-02.gca
volume = 256 256 256
voxelsize = 1.000000000000000e+00 1.000000000000000e+00 1.000000000000000e+00
xras   = -1.000000000000000e+00 0.000000000000000e+00 0.000000000000000e+00
yras   = 0.000000000000000e+00 0.000000000000000e+00 -1.000000000000000e+00
zras   = 0.000000000000000e+00 1.000000000000000e+00 0.000000000000000e+00
cras   = 0.000000000000000e+00 0.000000000000000e+00 0.000000000000000e+00
