# transform file /localscratch/bpinsard.41394467.0/freesurfer_crosssectional_autorecon1smriprep_skullstripautorecon2autorecon3_sub03_ses013.job/sub-03_ses-013/mri/transforms/cc_up.lta
# created by bpinsard on Thu Oct  5 16:14:10 2023

type      = 0 # LINEAR_VOX_TO_VOX
nxforms   = 1
mean      = 159.0000 122.0000 140.0000
sigma     = 10000.0000
1 4 4
9.999833106994629e-01 -1.070241443812847e-03 -5.677380133420229e-03 -3.021576881408691e+01 
1.070224214345217e-03 9.999994635581970e-01 -6.076170848245965e-06 2.882953834533691e+01 
5.677383393049240e-03 -4.547473508864641e-13 9.999838471412659e-01 8.093536376953125e+00 
0.000000000000000e+00 0.000000000000000e+00 0.000000000000000e+00 1.000000000000000e+00 
src volume info
valid = 1  # volume info valid
filename = /localscratch/bpinsard.41394467.0/freesurfer_crosssectional_autorecon1smriprep_skullstripautorecon2autorecon3_sub03_ses013.job/sub-03_ses-013/mri/norm.mgz
volume = 320 320 320
voxelsize = 7.999951839447021e-01 7.999951839447021e-01 7.999951839447021e-01
xras   = -1.000000000000000e+00 0.000000000000000e+00 0.000000000000000e+00
yras   = -1.164160212674403e-09 0.000000000000000e+00 -1.000000119209290e+00
zras   = 0.000000000000000e+00 1.000000000000000e+00 0.000000000000000e+00
cras   = 1.619216918945312e+00 2.593258666992188e+01 -1.391272735595703e+01
dst volume info
valid = 1  # volume info valid
filename = /localscratch/bpinsard.41394467.0/freesurfer_crosssectional_autorecon1smriprep_skullstripautorecon2autorecon3_sub03_ses013.job/sub-03_ses-013/mri/norm.mgz
volume = 320 320 320
voxelsize = 7.999951839447021e-01 7.999951839447021e-01 7.999951839447021e-01
xras   = -1.000000000000000e+00 0.000000000000000e+00 0.000000000000000e+00
yras   = -1.164160212674403e-09 0.000000000000000e+00 -1.000000119209290e+00
zras   = 0.000000000000000e+00 1.000000000000000e+00 0.000000000000000e+00
cras   = 1.619216918945312e+00 2.593258666992188e+01 -1.391272735595703e+01
