# transform file transforms/talairach_with_skull.lta
# created by bpinsard on Thu Oct  5 12:52:57 2023

type      = 0 # LINEAR_VOX_TO_VOX
nxforms   = 1
mean      = 161.0000 170.0000 143.0000
sigma     = 10000.0000
1 4 4
9.191927313804626e-01 4.073160886764526e-02 -2.978893928229809e-02 -2.397906494140625e+01 
-3.713297098875046e-02 8.923690915107727e-01 1.478728055953979e-01 -2.661296367645264e+00 
3.914612904191017e-02 -1.412084400653839e-01 8.525655865669250e-01 -1.706293344497681e+00 
0.000000000000000e+00 0.000000000000000e+00 0.000000000000000e+00 1.000000000000000e+00 
src volume info
valid = 1  # volume info valid
filename = nu.mgz
volume = 320 320 320
voxelsize = 7.999951839447021e-01 7.999951839447021e-01 7.999951839447021e-01
xras   = -1.000000000000000e+00 0.000000000000000e+00 0.000000000000000e+00
yras   = -1.164160212674403e-09 0.000000000000000e+00 -1.000000119209290e+00
zras   = 0.000000000000000e+00 1.000000000000000e+00 0.000000000000000e+00
cras   = 1.619216918945312e+00 2.593258666992188e+01 -1.391272735595703e+01
dst volume info
valid = 1  # volume info valid
filename = /opt/freesurfer/average/RB_all_withskull_2020_01_02.gca
volume = 256 256 256
voxelsize = 1.000000000000000e+00 1.000000000000000e+00 1.000000000000000e+00
xras   = -1.000000000000000e+00 0.000000000000000e+00 0.000000000000000e+00
yras   = 0.000000000000000e+00 0.000000000000000e+00 -1.000000000000000e+00
zras   = 0.000000000000000e+00 1.000000000000000e+00 0.000000000000000e+00
cras   = 0.000000000000000e+00 0.000000000000000e+00 0.000000000000000e+00
