# transform file transforms/talairach.lta
# created by bpinsard on Thu Oct  5 13:21:40 2023

type      = 0 # LINEAR_VOX_TO_VOX
nxforms   = 1
mean      = 159.0000 121.0000 141.0000
sigma     = 10000.0000
1 4 4
8.243131041526794e-01 7.998477667570114e-02 -3.622720018029213e-02 -1.047771644592285e+01 
-6.502123177051544e-02 8.995321989059448e-01 5.531677231192589e-02 1.473145580291748e+01 
3.968112915754318e-02 -6.209816038608551e-02 8.103216886520386e-01 -4.579424858093262e+00 
0.000000000000000e+00 0.000000000000000e+00 0.000000000000000e+00 1.000000000000000e+00 
src volume info
valid = 1  # volume info valid
filename = nu.mgz
volume = 320 320 320
voxelsize = 7.999951839447021e-01 7.999951839447021e-01 7.999951839447021e-01
xras   = -1.000000000000000e+00 0.000000000000000e+00 0.000000000000000e+00
yras   = -1.164160212674403e-09 0.000000000000000e+00 -1.000000119209290e+00
zras   = 0.000000000000000e+00 1.000000000000000e+00 0.000000000000000e+00
cras   = 1.619216918945312e+00 2.593258666992188e+01 -1.391272735595703e+01
dst volume info
valid = 1  # volume info valid
filename = /opt/freesurfer/average/RB_all_2020-01-02.gca
volume = 256 256 256
voxelsize = 1.000000000000000e+00 1.000000000000000e+00 1.000000000000000e+00
xras   = -1.000000000000000e+00 0.000000000000000e+00 0.000000000000000e+00
yras   = 0.000000000000000e+00 0.000000000000000e+00 -1.000000000000000e+00
zras   = 0.000000000000000e+00 1.000000000000000e+00 0.000000000000000e+00
cras   = 0.000000000000000e+00 0.000000000000000e+00 0.000000000000000e+00
