# transform file /localscratch/bpinsard.41394488.0/freesurfer_crosssectional_autorecon1smriprep_skullstripautorecon2autorecon3_sub06_ses003.job/sub-06_ses-003/mri/transforms/cc_up.lta
# created by bpinsard on Thu Oct  5 16:20:02 2023

type      = 0 # LINEAR_VOX_TO_VOX
nxforms   = 1
mean      = 161.0000 138.0000 147.0000
sigma     = 10000.0000
1 4 4
9.983606934547424e-01 -1.203853357583284e-02 5.595527589321136e-02 -3.824193954467773e+01 
1.201966963708401e-02 9.999275207519531e-01 6.736682844348252e-04 6.989920616149902e+00 
-5.595932900905609e-02 0.000000000000000e+00 9.984330534934998e-01 1.320376110076904e+01 
0.000000000000000e+00 0.000000000000000e+00 0.000000000000000e+00 1.000000000000000e+00 
src volume info
valid = 1  # volume info valid
filename = /localscratch/bpinsard.41394488.0/freesurfer_crosssectional_autorecon1smriprep_skullstripautorecon2autorecon3_sub06_ses003.job/sub-06_ses-003/mri/norm.mgz
volume = 320 320 320
voxelsize = 8.000000119209290e-01 8.000000119209290e-01 8.000000119209290e-01
xras   = -1.000000119209290e+00 0.000000000000000e+00 0.000000000000000e+00
yras   = 0.000000000000000e+00 0.000000000000000e+00 -1.000000000000000e+00
zras   = 0.000000000000000e+00 1.000000000000000e+00 0.000000000000000e+00
cras   = 1.334495544433594e+00 2.039126586914062e+01 -1.108200073242188e+01
dst volume info
valid = 1  # volume info valid
filename = /localscratch/bpinsard.41394488.0/freesurfer_crosssectional_autorecon1smriprep_skullstripautorecon2autorecon3_sub06_ses003.job/sub-06_ses-003/mri/norm.mgz
volume = 320 320 320
voxelsize = 8.000000119209290e-01 8.000000119209290e-01 8.000000119209290e-01
xras   = -1.000000119209290e+00 0.000000000000000e+00 0.000000000000000e+00
yras   = 0.000000000000000e+00 0.000000000000000e+00 -1.000000000000000e+00
zras   = 0.000000000000000e+00 1.000000000000000e+00 0.000000000000000e+00
cras   = 1.334495544433594e+00 2.039126586914062e+01 -1.108200073242188e+01
