# transform file transforms/talairach.lta
# created by bpinsard on Thu Oct  5 13:15:50 2023

type      = 0 # LINEAR_VOX_TO_VOX
nxforms   = 1
mean      = 157.0000 135.0000 140.0000
sigma     = 10000.0000
1 4 4
8.289797306060791e-01 7.140494138002396e-02 -2.552624605596066e-02 -1.146607875823975e+01 
-6.452762335538864e-02 8.873444199562073e-01 3.913587331771851e-02 6.211169719696045e+00 
2.258517220616341e-02 -4.595430940389633e-02 8.028552532196045e-01 -1.432715415954590e+00 
0.000000000000000e+00 0.000000000000000e+00 0.000000000000000e+00 1.000000000000000e+00 
src volume info
valid = 1  # volume info valid
filename = nu.mgz
volume = 320 320 320
voxelsize = 7.999954223632812e-01 7.999954223632812e-01 7.999954223632812e-01
xras   = -1.000000000000000e+00 0.000000000000000e+00 0.000000000000000e+00
yras   = 0.000000000000000e+00 0.000000000000000e+00 -1.000000000000000e+00
zras   = 0.000000000000000e+00 1.000000000000000e+00 0.000000000000000e+00
cras   = -2.019500732421875e-01 2.593258666992188e+01 -1.390560913085938e+01
dst volume info
valid = 1  # volume info valid
filename = /opt/freesurfer/average/RB_all_2020-01-02.gca
volume = 256 256 256
voxelsize = 1.000000000000000e+00 1.000000000000000e+00 1.000000000000000e+00
xras   = -1.000000000000000e+00 0.000000000000000e+00 0.000000000000000e+00
yras   = 0.000000000000000e+00 0.000000000000000e+00 -1.000000000000000e+00
zras   = 0.000000000000000e+00 1.000000000000000e+00 0.000000000000000e+00
cras   = 0.000000000000000e+00 0.000000000000000e+00 0.000000000000000e+00
