# transform file /localscratch/bpinsard.41394490.0/freesurfer_crosssectional_autorecon1smriprep_skullstripautorecon2autorecon3_sub06_ses005.job/sub-06_ses-005/mri/transforms/cc_up.lta
# created by bpinsard on Thu Oct  5 16:27:11 2023

type      = 0 # LINEAR_VOX_TO_VOX
nxforms   = 1
mean      = 161.0000 130.0000 145.0000
sigma     = 10000.0000
1 4 4
9.989696741104126e-01 3.146997466683388e-02 3.269504383206367e-02 -4.018695449829102e+01 
-3.145313262939453e-02 9.995045661926270e-01 -1.029422157444060e-03 2.227193260192871e+01 
-3.271124511957169e-02 -1.164153079491470e-10 9.994647502899170e-01 1.035978984832764e+01 
0.000000000000000e+00 0.000000000000000e+00 0.000000000000000e+00 1.000000000000000e+00 
src volume info
valid = 1  # volume info valid
filename = /localscratch/bpinsard.41394490.0/freesurfer_crosssectional_autorecon1smriprep_skullstripautorecon2autorecon3_sub06_ses005.job/sub-06_ses-005/mri/norm.mgz
volume = 320 320 320
voxelsize = 7.999954223632812e-01 7.999954223632812e-01 7.999954223632812e-01
xras   = -1.000000000000000e+00 0.000000000000000e+00 0.000000000000000e+00
yras   = 0.000000000000000e+00 0.000000000000000e+00 -1.000000000000000e+00
zras   = 0.000000000000000e+00 1.000000000000000e+00 0.000000000000000e+00
cras   = 4.004592895507812e-01 2.292053222656250e+01 -9.086334228515625e+00
dst volume info
valid = 1  # volume info valid
filename = /localscratch/bpinsard.41394490.0/freesurfer_crosssectional_autorecon1smriprep_skullstripautorecon2autorecon3_sub06_ses005.job/sub-06_ses-005/mri/norm.mgz
volume = 320 320 320
voxelsize = 7.999954223632812e-01 7.999954223632812e-01 7.999954223632812e-01
xras   = -1.000000000000000e+00 0.000000000000000e+00 0.000000000000000e+00
yras   = 0.000000000000000e+00 0.000000000000000e+00 -1.000000000000000e+00
zras   = 0.000000000000000e+00 1.000000000000000e+00 0.000000000000000e+00
cras   = 4.004592895507812e-01 2.292053222656250e+01 -9.086334228515625e+00
