# transform file /localscratch/bpinsard.41537207.0/freesurfer_longitudinal_autoreconall_sub06.job/sub-06_ses-012.long.sub-06/mri/transforms/cc_up.lta
# created by bpinsard on Fri Oct 13 01:43:21 2023

type      = 0 # LINEAR_VOX_TO_VOX
nxforms   = 1
mean      = 160.0000 164.0000 165.0000
sigma     = 10000.0000
1 4 4
9.995496869087219e-01 1.533351722173393e-03 2.997087687253952e-02 -3.546454238891602e+01 
-1.532662892714143e-03 9.999988675117493e-01 -4.595594509737566e-05 -1.574798583984375e+01 
-2.997091226279736e-02 0.000000000000000e+00 9.995508193969727e-01 -1.113996601104736e+01 
0.000000000000000e+00 0.000000000000000e+00 0.000000000000000e+00 1.000000000000000e+00 
src volume info
valid = 1  # volume info valid
filename = /localscratch/bpinsard.41537207.0/freesurfer_longitudinal_autoreconall_sub06.job/sub-06_ses-012.long.sub-06/mri/norm.mgz
volume = 320 320 320
voxelsize = 8.000000119209290e-01 8.000000119209290e-01 8.000000119209290e-01
xras   = -1.000000000000000e+00 -1.663076065749891e-10 0.000000000000000e+00
yras   = 0.000000000000000e+00 0.000000000000000e+00 -1.000000000000000e+00
zras   = -1.663076065749891e-10 1.000000000000000e+00 0.000000000000000e+00
cras   = -1.959856003522873e-01 7.072904109954834e+00 1.618380737304688e+01
dst volume info
valid = 1  # volume info valid
filename = /localscratch/bpinsard.41537207.0/freesurfer_longitudinal_autoreconall_sub06.job/sub-06_ses-012.long.sub-06/mri/norm.mgz
volume = 320 320 320
voxelsize = 8.000000119209290e-01 8.000000119209290e-01 8.000000119209290e-01
xras   = -1.000000000000000e+00 -1.663076065749891e-10 0.000000000000000e+00
yras   = 0.000000000000000e+00 0.000000000000000e+00 -1.000000000000000e+00
zras   = -1.663076065749891e-10 1.000000000000000e+00 0.000000000000000e+00
cras   = -1.959856003522873e-01 7.072904109954834e+00 1.618380737304688e+01
