# transform file /localscratch/bpinsard.41537205.0/freesurfer_longitudinal_autoreconall_sub03.job/sub-03_ses-012.long.sub-03/mri/transforms/cc_up.lta
# created by bpinsard on Thu Oct 12 19:09:52 2023

type      = 0 # LINEAR_VOX_TO_VOX
nxforms   = 1
mean      = 160.0000 166.0000 166.0000
sigma     = 10000.0000
1 4 4
9.999747276306152e-01 -3.695211838930845e-03 -6.086147855967283e-03 -2.957786750793457e+01 
3.695143386721611e-03 9.999932050704956e-01 -2.248975579277612e-05 -1.258694076538086e+01 
6.086188834160566e-03 0.000000000000000e+00 9.999815225601196e-01 -2.097105216979980e+01 
0.000000000000000e+00 0.000000000000000e+00 0.000000000000000e+00 1.000000000000000e+00 
src volume info
valid = 1  # volume info valid
filename = /localscratch/bpinsard.41537205.0/freesurfer_longitudinal_autoreconall_sub03.job/sub-03_ses-012.long.sub-03/mri/norm.mgz
volume = 320 320 320
voxelsize = 8.000000119209290e-01 8.000000119209290e-01 8.000000119209290e-01
xras   = -1.000000000000000e+00 2.714660440883421e-10 1.552212663957775e-10
yras   = -1.552212663957775e-10 -1.212514897513950e-12 -1.000000000000000e+00
zras   = 2.714660163327665e-10 1.000000000000000e+00 -1.212756674598414e-12
cras   = 1.456940054893494e+00 4.725877285003662e+00 2.022341346740723e+01
dst volume info
valid = 1  # volume info valid
filename = /localscratch/bpinsard.41537205.0/freesurfer_longitudinal_autoreconall_sub03.job/sub-03_ses-012.long.sub-03/mri/norm.mgz
volume = 320 320 320
voxelsize = 8.000000119209290e-01 8.000000119209290e-01 8.000000119209290e-01
xras   = -1.000000000000000e+00 2.714660440883421e-10 1.552212663957775e-10
yras   = -1.552212663957775e-10 -1.212514897513950e-12 -1.000000000000000e+00
zras   = 2.714660163327665e-10 1.000000000000000e+00 -1.212756674598414e-12
cras   = 1.456940054893494e+00 4.725877285003662e+00 2.022341346740723e+01
