# transform file /localscratch/bpinsard.41394424.0/freesurfer_crosssectional_autorecon1smriprep_skullstripautorecon2autorecon3_sub01_ses012.job/sub-01_ses-012/mri/transforms/cc_up.lta
# created by bpinsard on Thu Oct  5 16:00:08 2023

type      = 0 # LINEAR_VOX_TO_VOX
nxforms   = 1
mean      = 162.0000 107.0000 149.0000
sigma     = 10000.0000
1 4 4
9.961149096488953e-01 2.533683553338051e-02 -8.433897793292999e-02 -2.112240982055664e+01 
-2.524650655686855e-02 9.996789097785950e-01 2.137569244951010e-03 5.175381088256836e+01 
8.436606079339981e-02 0.000000000000000e+00 9.964348077774048e-01 -2.194844436645508e+01 
0.000000000000000e+00 0.000000000000000e+00 0.000000000000000e+00 1.000000000000000e+00 
src volume info
valid = 1  # volume info valid
filename = /localscratch/bpinsard.41394424.0/freesurfer_crosssectional_autorecon1smriprep_skullstripautorecon2autorecon3_sub01_ses012.job/sub-01_ses-012/mri/norm.mgz
volume = 320 320 320
voxelsize = 7.999967336654663e-01 7.999967336654663e-01 7.999967336654663e-01
xras   = -9.999998211860657e-01 9.313263937826832e-09 0.000000000000000e+00
yras   = 0.000000000000000e+00 0.000000000000000e+00 -1.000000119209290e+00
zras   = 4.656631968913416e-09 9.999998211860657e-01 0.000000000000000e+00
cras   = 2.168014526367188e+00 2.233670806884766e+01 -1.390563201904297e+01
dst volume info
valid = 1  # volume info valid
filename = /localscratch/bpinsard.41394424.0/freesurfer_crosssectional_autorecon1smriprep_skullstripautorecon2autorecon3_sub01_ses012.job/sub-01_ses-012/mri/norm.mgz
volume = 320 320 320
voxelsize = 7.999967336654663e-01 7.999967336654663e-01 7.999967336654663e-01
xras   = -9.999998211860657e-01 9.313263937826832e-09 0.000000000000000e+00
yras   = 0.000000000000000e+00 0.000000000000000e+00 -1.000000119209290e+00
zras   = 4.656631968913416e-09 9.999998211860657e-01 0.000000000000000e+00
cras   = 2.168014526367188e+00 2.233670806884766e+01 -1.390563201904297e+01
