type      = 1 # LINEAR_RAS_TO_RAS
nxforms   = 1
mean      = 0.0000 0.0000 0.0000
sigma     = 1.0000
1 4 4
1.043307900428772e+00 6.984769552946091e-02 2.016576938331127e-02 -3.398758411407471e+00 
-7.233738899230957e-02 1.048784971237183e+00 1.098380610346794e-01 -3.543434906005859e+01 
-1.444581709802151e-02 -1.243906468153000e-01 1.178225994110107e+00 -2.383305549621582e+01 
0.000000000000000e+00 0.000000000000000e+00 0.000000000000000e+00 1.000000000000000e+00 
src volume info
valid = 1  # volume info valid
filename = /localscratch/bpinsard.41394424.0/freesurfer_crosssectional_autorecon1smriprep_skullstripautorecon2autorecon3_sub01_ses012.job/sub-01_ses-012/mri/orig_nu.mgz
volume = 320 320 320
voxelsize = 7.999967336654663e-01 7.999967336654663e-01 7.999967336654663e-01
xras   = -9.999998211860657e-01 9.313263937826832e-09 0.000000000000000e+00
yras   = 0.000000000000000e+00 0.000000000000000e+00 -1.000000119209290e+00
zras   = 4.656631968913416e-09 9.999998211860657e-01 0.000000000000000e+00
cras   = 2.168014526367188e+00 2.233670806884766e+01 -1.390563201904297e+01
dst volume info
valid = 1  # volume info valid
filename = /opt/freesurfer/mni/bin/../share/mni_autoreg/average_305.mnc
volume = 172 220 156
voxelsize = 1.000000000000000e+00 1.000000000000000e+00 1.000000000000000e+00
xras   = 1.000000000000000e+00 0.000000000000000e+00 0.000000000000000e+00
yras   = 0.000000000000000e+00 1.000000000000000e+00 0.000000000000000e+00
zras   = 0.000000000000000e+00 0.000000000000000e+00 1.000000000000000e+00
cras   = -9.499999880790710e-02 -1.651000022888184e+01 9.750000000000000e+00
subject fsaverage
fscale 0.100000
