# transform file transforms/talairach_with_skull.lta
# created by bpinsard on Thu Oct  5 12:10:59 2023

type      = 0 # LINEAR_VOX_TO_VOX
nxforms   = 1
mean      = 160.0000 165.0000 153.0000
sigma     = 10000.0000
1 4 4
8.869427442550659e-01 9.064922481775284e-02 -7.114844024181366e-02 -1.736054801940918e+01 
-6.526259332895279e-02 9.739689230918884e-01 1.606291383504868e-01 2.358525276184082e+00 
8.227224647998810e-02 -1.401254385709763e-01 8.345475196838379e-01 -1.277382373809814e+01 
0.000000000000000e+00 0.000000000000000e+00 0.000000000000000e+00 1.000000000000000e+00 
src volume info
valid = 1  # volume info valid
filename = nu.mgz
volume = 320 320 320
voxelsize = 7.999967336654663e-01 7.999967336654663e-01 7.999967336654663e-01
xras   = -9.999998211860657e-01 9.313263937826832e-09 0.000000000000000e+00
yras   = 0.000000000000000e+00 0.000000000000000e+00 -1.000000119209290e+00
zras   = 4.656631968913416e-09 9.999998211860657e-01 0.000000000000000e+00
cras   = 2.168014526367188e+00 2.233670806884766e+01 -1.390563201904297e+01
dst volume info
valid = 1  # volume info valid
filename = /opt/freesurfer/average/RB_all_withskull_2020_01_02.gca
volume = 256 256 256
voxelsize = 1.000000000000000e+00 1.000000000000000e+00 1.000000000000000e+00
xras   = -1.000000000000000e+00 0.000000000000000e+00 0.000000000000000e+00
yras   = 0.000000000000000e+00 0.000000000000000e+00 -1.000000000000000e+00
zras   = 0.000000000000000e+00 1.000000000000000e+00 0.000000000000000e+00
cras   = 0.000000000000000e+00 0.000000000000000e+00 0.000000000000000e+00
