type      = 0 # LINEAR_VOX_TO_VOX
nxforms   = 1
mean      = 0.0000 0.0000 0.0000
sigma     = 1.0000
1 4 4
8.346427679061890e-01 1.613255217671394e-02 -5.587792396545410e-02 6.734924316406250e-01 
-1.155660394579172e-02 9.425770640373230e-01 9.951209276914597e-02 6.141616821289062e+00 
5.786967277526855e-02 -8.787010610103607e-02 8.390244245529175e-01 -1.513598632812500e+01 
0.000000000000000e+00 0.000000000000000e+00 0.000000000000000e+00 1.000000000000000e+00 
src volume info
valid = 1  # volume info valid
filename = /localscratch/bpinsard.41394424.0/freesurfer_crosssectional_autorecon1smriprep_skullstripautorecon2autorecon3_sub01_ses012.job/sub-01_ses-012/mri/orig.mgz
volume = 320 320 320
voxelsize = 7.999967336654663e-01 7.999967336654663e-01 7.999967336654663e-01
xras   = -9.999998211860657e-01 9.313263937826832e-09 0.000000000000000e+00
yras   = 0.000000000000000e+00 0.000000000000000e+00 -1.000000119209290e+00
zras   = 4.656631968913416e-09 9.999998211860657e-01 0.000000000000000e+00
cras   = 2.168014526367188e+00 2.233670806884766e+01 -1.390563201904297e+01
dst volume info
valid = 1  # volume info valid
filename = /opt/freesurfer/average/mni305.cor.mgz
volume = 256 256 256
voxelsize = 1.000000000000000e+00 1.000000000000000e+00 1.000000000000000e+00
xras   = -1.000000000000000e+00 0.000000000000000e+00 0.000000000000000e+00
yras   = 0.000000000000000e+00 0.000000000000000e+00 -1.000000000000000e+00
zras   = 0.000000000000000e+00 1.000000000000000e+00 0.000000000000000e+00
cras   = 0.000000000000000e+00 0.000000000000000e+00 0.000000000000000e+00
subject fsaverage
fscale 0.100000
