# transform file /localscratch/bpinsard.41394469.0/freesurfer_crosssectional_autorecon1smriprep_skullstripautorecon2autorecon3_sub04_ses001.job/sub-04_ses-001/mri/transforms/cc_up.lta
# created by bpinsard on Thu Oct  5 16:20:45 2023

type      = 0 # LINEAR_VOX_TO_VOX
nxforms   = 1
mean      = 161.0000 135.0000 144.0000
sigma     = 10000.0000
1 4 4
9.955304861068726e-01 8.529572933912277e-02 -4.054257273674011e-02 -3.792833709716797e+01 
-8.522509038448334e-02 9.963557124137878e-01 3.470757044851780e-03 3.188800239562988e+01 
4.069086164236069e-02 0.000000000000000e+00 9.991717338562012e-01 -5.544726371765137e+00 
0.000000000000000e+00 0.000000000000000e+00 0.000000000000000e+00 1.000000000000000e+00 
src volume info
valid = 1  # volume info valid
filename = /localscratch/bpinsard.41394469.0/freesurfer_crosssectional_autorecon1smriprep_skullstripautorecon2autorecon3_sub04_ses001.job/sub-04_ses-001/mri/norm.mgz
volume = 320 320 320
voxelsize = 8.000000119209290e-01 8.000000119209290e-01 8.000000119209290e-01
xras   = -1.000000000000000e+00 0.000000000000000e+00 4.656612873077393e-09
yras   = 0.000000000000000e+00 0.000000000000000e+00 -1.000000000000000e+00
zras   = 0.000000000000000e+00 1.000000000000000e+00 0.000000000000000e+00
cras   = -8.622055053710938e-01 2.292053222656250e+01 -3.036315917968750e+00
dst volume info
valid = 1  # volume info valid
filename = /localscratch/bpinsard.41394469.0/freesurfer_crosssectional_autorecon1smriprep_skullstripautorecon2autorecon3_sub04_ses001.job/sub-04_ses-001/mri/norm.mgz
volume = 320 320 320
voxelsize = 8.000000119209290e-01 8.000000119209290e-01 8.000000119209290e-01
xras   = -1.000000000000000e+00 0.000000000000000e+00 4.656612873077393e-09
yras   = 0.000000000000000e+00 0.000000000000000e+00 -1.000000000000000e+00
zras   = 0.000000000000000e+00 1.000000000000000e+00 0.000000000000000e+00
cras   = -8.622055053710938e-01 2.292053222656250e+01 -3.036315917968750e+00
