type      = 0 # LINEAR_VOX_TO_VOX
nxforms   = 1
mean      = 0.0000 0.0000 0.0000
sigma     = 1.0000
1 4 4
9.147538542747498e-01 5.604213476181030e-02 -3.157804906368256e-02 -2.408432006835938e+01 
-5.299124494194984e-02 9.203546643257141e-01 9.831842780113220e-02 -7.397216796875000e+00 
3.533671423792839e-02 -9.021358937025070e-02 8.635311126708984e-01 -8.446838378906250e+00 
0.000000000000000e+00 0.000000000000000e+00 0.000000000000000e+00 1.000000000000000e+00 
src volume info
valid = 1  # volume info valid
filename = /localscratch/bpinsard.41394469.0/freesurfer_crosssectional_autorecon1smriprep_skullstripautorecon2autorecon3_sub04_ses001.job/sub-04_ses-001/mri/orig.mgz
volume = 320 320 320
voxelsize = 8.000000119209290e-01 8.000000119209290e-01 8.000000119209290e-01
xras   = -1.000000000000000e+00 0.000000000000000e+00 4.656612873077393e-09
yras   = 0.000000000000000e+00 0.000000000000000e+00 -1.000000000000000e+00
zras   = 0.000000000000000e+00 1.000000000000000e+00 0.000000000000000e+00
cras   = -8.622055053710938e-01 2.292053222656250e+01 -3.036315917968750e+00
dst volume info
valid = 1  # volume info valid
filename = /opt/freesurfer/average/mni305.cor.mgz
volume = 256 256 256
voxelsize = 1.000000000000000e+00 1.000000000000000e+00 1.000000000000000e+00
xras   = -1.000000000000000e+00 0.000000000000000e+00 0.000000000000000e+00
yras   = 0.000000000000000e+00 0.000000000000000e+00 -1.000000000000000e+00
zras   = 0.000000000000000e+00 1.000000000000000e+00 0.000000000000000e+00
cras   = 0.000000000000000e+00 0.000000000000000e+00 0.000000000000000e+00
subject fsaverage
fscale 0.100000
