# transform file transforms/talairach.lta
# created by bpinsard on Wed Oct 11 02:08:03 2023

type      = 0 # LINEAR_VOX_TO_VOX
nxforms   = 1
mean      = 161.0000 174.0000 135.0000
sigma     = 10000.0000
1 4 4
8.257302641868591e-01 -9.608341380953789e-03 2.315010316669941e-02 -8.062583923339844e+00 
-2.358622848987579e-03 7.447611093521118e-01 2.727566361427307e-01 -3.829380035400391e+01 
-2.738424576818943e-02 -2.531094551086426e-01 7.362581491470337e-01 5.724846267700195e+01 
0.000000000000000e+00 0.000000000000000e+00 0.000000000000000e+00 1.000000000000000e+00 
src volume info
valid = 1  # volume info valid
filename = nu.mgz
volume = 320 320 320
voxelsize = 8.000000119209290e-01 8.000000119209290e-01 8.000000119209290e-01
xras   = -1.000000000000000e+00 2.910383045673370e-10 0.000000000000000e+00
yras   = 0.000000000000000e+00 0.000000000000000e+00 -9.999999403953552e-01
zras   = 2.910383045673370e-10 1.000000000000000e+00 0.000000000000000e+00
cras   = 4.017219543457031e+00 2.593117523193359e+01 5.522308349609375e-01
dst volume info
valid = 1  # volume info valid
filename = /opt/freesurfer/average/RB_all_2020-01-02.gca
volume = 256 256 256
voxelsize = 1.000000000000000e+00 1.000000000000000e+00 1.000000000000000e+00
xras   = -1.000000000000000e+00 0.000000000000000e+00 0.000000000000000e+00
yras   = 0.000000000000000e+00 0.000000000000000e+00 -1.000000000000000e+00
zras   = 0.000000000000000e+00 1.000000000000000e+00 0.000000000000000e+00
cras   = 0.000000000000000e+00 0.000000000000000e+00 0.000000000000000e+00
