# transform file transforms/talairach_with_skull.lta
# created by bpinsard on Wed Oct 11 01:33:21 2023

type      = 0 # LINEAR_VOX_TO_VOX
nxforms   = 1
mean      = 161.0000 189.0000 139.0000
sigma     = 10000.0000
1 4 4
8.394924998283386e-01 5.305789411067963e-02 1.964905112981796e-02 -2.231002426147461e+01 
-5.394003540277481e-02 7.878246903419495e-01 3.089427947998047e-01 -4.222904586791992e+01 
8.878583321347833e-04 -3.662638068199158e-01 9.207614064216614e-01 4.303052902221680e+01 
0.000000000000000e+00 0.000000000000000e+00 0.000000000000000e+00 1.000000000000000e+00 
src volume info
valid = 1  # volume info valid
filename = nu.mgz
volume = 320 320 320
voxelsize = 8.000000119209290e-01 8.000000119209290e-01 8.000000119209290e-01
xras   = -1.000000000000000e+00 2.910383045673370e-10 0.000000000000000e+00
yras   = 0.000000000000000e+00 0.000000000000000e+00 -9.999999403953552e-01
zras   = 2.910383045673370e-10 1.000000000000000e+00 0.000000000000000e+00
cras   = 4.017219543457031e+00 2.593117523193359e+01 5.522308349609375e-01
dst volume info
valid = 1  # volume info valid
filename = /opt/freesurfer/average/RB_all_withskull_2020_01_02.gca
volume = 256 256 256
voxelsize = 1.000000000000000e+00 1.000000000000000e+00 1.000000000000000e+00
xras   = -1.000000000000000e+00 0.000000000000000e+00 0.000000000000000e+00
yras   = 0.000000000000000e+00 0.000000000000000e+00 -1.000000000000000e+00
zras   = 0.000000000000000e+00 1.000000000000000e+00 0.000000000000000e+00
cras   = 0.000000000000000e+00 0.000000000000000e+00 0.000000000000000e+00
