# transform file /localscratch/bpinsard.41394476.0/freesurfer_crosssectional_autorecon1smriprep_skullstripautorecon2autorecon3_sub05_ses003.job/sub-05_ses-003/mri/transforms/cc_up.lta
# created by bpinsard on Thu Oct  5 16:36:19 2023

type      = 0 # LINEAR_VOX_TO_VOX
nxforms   = 1
mean      = 159.0000 114.0000 143.0000
sigma     = 10000.0000
1 4 4
9.999751448631287e-01 -3.243400482460856e-03 6.262933835387230e-03 -3.130447578430176e+01 
3.243336919695139e-03 9.999947547912598e-01 2.031330950558186e-05 2.948279762268066e+01 
-6.262966431677341e-03 0.000000000000000e+00 9.999803900718689e-01 2.899777030944824e+01 
0.000000000000000e+00 0.000000000000000e+00 0.000000000000000e+00 1.000000000000000e+00 
src volume info
valid = 1  # volume info valid
filename = /localscratch/bpinsard.41394476.0/freesurfer_crosssectional_autorecon1smriprep_skullstripautorecon2autorecon3_sub05_ses003.job/sub-05_ses-003/mri/norm.mgz
volume = 320 320 320
voxelsize = 7.999954223632812e-01 7.999954223632812e-01 7.999954223632812e-01
xras   = -1.000000000000000e+00 0.000000000000000e+00 0.000000000000000e+00
yras   = 0.000000000000000e+00 0.000000000000000e+00 -1.000000000000000e+00
zras   = 0.000000000000000e+00 1.000000000000000e+00 0.000000000000000e+00
cras   = -1.492469787597656e+00 2.657783508300781e+01 -2.745602416992188e+01
dst volume info
valid = 1  # volume info valid
filename = /localscratch/bpinsard.41394476.0/freesurfer_crosssectional_autorecon1smriprep_skullstripautorecon2autorecon3_sub05_ses003.job/sub-05_ses-003/mri/norm.mgz
volume = 320 320 320
voxelsize = 7.999954223632812e-01 7.999954223632812e-01 7.999954223632812e-01
xras   = -1.000000000000000e+00 0.000000000000000e+00 0.000000000000000e+00
yras   = 0.000000000000000e+00 0.000000000000000e+00 -1.000000000000000e+00
zras   = 0.000000000000000e+00 1.000000000000000e+00 0.000000000000000e+00
cras   = -1.492469787597656e+00 2.657783508300781e+01 -2.745602416992188e+01
