# transform file transforms/talairach_with_skull.lta
# created by bpinsard on Thu Oct  5 13:06:36 2023

type      = 0 # LINEAR_VOX_TO_VOX
nxforms   = 1
mean      = 162.0000 165.0000 142.0000
sigma     = 10000.0000
1 4 4
9.370288252830505e-01 -3.823565319180489e-03 -5.347718019038439e-03 -2.497995185852051e+01 
1.011446397751570e-02 8.550617098808289e-01 2.392161786556244e-01 -1.447223281860352e+01 
3.762996289879084e-03 -2.463254779577255e-01 9.006822109222412e-01 9.081632614135742e+00 
0.000000000000000e+00 0.000000000000000e+00 0.000000000000000e+00 1.000000000000000e+00 
src volume info
valid = 1  # volume info valid
filename = nu.mgz
volume = 320 320 320
voxelsize = 7.999954223632812e-01 7.999954223632812e-01 7.999954223632812e-01
xras   = -1.000000000000000e+00 0.000000000000000e+00 0.000000000000000e+00
yras   = 0.000000000000000e+00 0.000000000000000e+00 -1.000000000000000e+00
zras   = 0.000000000000000e+00 1.000000000000000e+00 0.000000000000000e+00
cras   = -2.019500732421875e-01 2.593258666992188e+01 -1.390560913085938e+01
dst volume info
valid = 1  # volume info valid
filename = /opt/freesurfer/average/RB_all_withskull_2020_01_02.gca
volume = 256 256 256
voxelsize = 1.000000000000000e+00 1.000000000000000e+00 1.000000000000000e+00
xras   = -1.000000000000000e+00 0.000000000000000e+00 0.000000000000000e+00
yras   = 0.000000000000000e+00 0.000000000000000e+00 -1.000000000000000e+00
zras   = 0.000000000000000e+00 1.000000000000000e+00 0.000000000000000e+00
cras   = 0.000000000000000e+00 0.000000000000000e+00 0.000000000000000e+00
