type      = 0 # LINEAR_VOX_TO_VOX
nxforms   = 1
mean      = 0.0000 0.0000 0.0000
sigma     = 1.0000
1 4 4
8.887581229209900e-01 7.440624292939901e-03 -3.752280957996845e-03 -1.645870971679688e+01 
-6.683336570858955e-03 9.044660329818726e-01 2.105179429054260e-01 -1.041412353515625e+01 
5.338861141353846e-03 -2.013558298349380e-01 8.652715682983398e-01 1.072914123535156e+01 
0.000000000000000e+00 0.000000000000000e+00 0.000000000000000e+00 1.000000000000000e+00 
src volume info
valid = 1  # volume info valid
filename = /localscratch/bpinsard.41394482.0/freesurfer_crosssectional_autorecon1smriprep_skullstripautorecon2autorecon3_sub05_ses009.job/sub-05_ses-009/mri/orig.mgz
volume = 320 320 320
voxelsize = 7.999954223632812e-01 7.999954223632812e-01 7.999954223632812e-01
xras   = -1.000000000000000e+00 0.000000000000000e+00 0.000000000000000e+00
yras   = 0.000000000000000e+00 0.000000000000000e+00 -1.000000000000000e+00
zras   = 0.000000000000000e+00 1.000000000000000e+00 0.000000000000000e+00
cras   = -2.019500732421875e-01 2.593258666992188e+01 -1.390560913085938e+01
dst volume info
valid = 1  # volume info valid
filename = /opt/freesurfer/average/mni305.cor.mgz
volume = 256 256 256
voxelsize = 1.000000000000000e+00 1.000000000000000e+00 1.000000000000000e+00
xras   = -1.000000000000000e+00 0.000000000000000e+00 0.000000000000000e+00
yras   = 0.000000000000000e+00 0.000000000000000e+00 -1.000000000000000e+00
zras   = 0.000000000000000e+00 1.000000000000000e+00 0.000000000000000e+00
cras   = 0.000000000000000e+00 0.000000000000000e+00 0.000000000000000e+00
subject fsaverage
fscale 0.100000
