# transform file /localscratch/bpinsard.41498734.0/freesurfer_crosssectional_autorecon1smriprep_skullstripautorecon2autorecon3_sub03_ses015.job/sub-03_ses-015/mri/transforms/cc_up.lta
# created by bpinsard on Wed Oct 11 05:03:11 2023

type      = 0 # LINEAR_VOX_TO_VOX
nxforms   = 1
mean      = 161.0000 139.0000 146.0000
sigma     = 10000.0000
1 4 4
9.999271631240845e-01 -1.173012424260378e-02 -2.846349030733109e-03 -3.027427673339844e+01 
1.173007674515247e-02 9.999312162399292e-01 -3.339032627991401e-05 9.123516082763672e+00 
2.846544841304421e-03 0.000000000000000e+00 9.999959468841553e-01 7.542192459106445e+00 
0.000000000000000e+00 0.000000000000000e+00 0.000000000000000e+00 1.000000000000000e+00 
src volume info
valid = 1  # volume info valid
filename = /localscratch/bpinsard.41498734.0/freesurfer_crosssectional_autorecon1smriprep_skullstripautorecon2autorecon3_sub03_ses015.job/sub-03_ses-015/mri/norm.mgz
volume = 320 320 320
voxelsize = 7.999999523162842e-01 7.999999523162842e-01 7.999999523162842e-01
xras   = -9.999999403953552e-01 -9.094947885091020e-12 5.820766646458253e-10
yras   = 5.820766646458253e-10 0.000000000000000e+00 -9.999999403953552e-01
zras   = 9.663382073699101e-12 1.000000000000000e+00 0.000000000000000e+00
cras   = 2.773986816406250e+00 2.173532867431641e+01 2.356910705566406e+00
dst volume info
valid = 1  # volume info valid
filename = /localscratch/bpinsard.41498734.0/freesurfer_crosssectional_autorecon1smriprep_skullstripautorecon2autorecon3_sub03_ses015.job/sub-03_ses-015/mri/norm.mgz
volume = 320 320 320
voxelsize = 7.999999523162842e-01 7.999999523162842e-01 7.999999523162842e-01
xras   = -9.999999403953552e-01 -9.094947885091020e-12 5.820766646458253e-10
yras   = 5.820766646458253e-10 0.000000000000000e+00 -9.999999403953552e-01
zras   = 9.663382073699101e-12 1.000000000000000e+00 0.000000000000000e+00
cras   = 2.773986816406250e+00 2.173532867431641e+01 2.356910705566406e+00
