type      = 0 # LINEAR_VOX_TO_VOX
nxforms   = 1
mean      = 0.0000 0.0000 0.0000
sigma     = 1.0000
1 4 4
8.592655062675476e-01 -1.255759969353676e-02 -1.035999972373247e-02 -7.152175903320312e+00 
6.927198264747858e-03 8.970022797584534e-01 4.689679667353630e-02 -7.692779541015625e+00 
-3.194479644298553e-02 -9.079039096832275e-02 8.207806944847107e-01 6.848480224609375e+00 
0.000000000000000e+00 0.000000000000000e+00 0.000000000000000e+00 1.000000000000000e+00 
src volume info
valid = 1  # volume info valid
filename = /localscratch/bpinsard.41498734.0/freesurfer_crosssectional_autorecon1smriprep_skullstripautorecon2autorecon3_sub03_ses015.job/sub-03_ses-015/mri/orig.mgz
volume = 320 320 320
voxelsize = 7.999999523162842e-01 7.999999523162842e-01 7.999999523162842e-01
xras   = -9.999999403953552e-01 -9.094947885091020e-12 5.820766646458253e-10
yras   = 5.820766646458253e-10 0.000000000000000e+00 -9.999999403953552e-01
zras   = 9.663382073699101e-12 1.000000000000000e+00 0.000000000000000e+00
cras   = 2.773986816406250e+00 2.173532867431641e+01 2.356910705566406e+00
dst volume info
valid = 1  # volume info valid
filename = /opt/freesurfer/average/mni305.cor.mgz
volume = 256 256 256
voxelsize = 1.000000000000000e+00 1.000000000000000e+00 1.000000000000000e+00
xras   = -1.000000000000000e+00 0.000000000000000e+00 0.000000000000000e+00
yras   = 0.000000000000000e+00 0.000000000000000e+00 -1.000000000000000e+00
zras   = 0.000000000000000e+00 1.000000000000000e+00 0.000000000000000e+00
cras   = 0.000000000000000e+00 0.000000000000000e+00 0.000000000000000e+00
subject fsaverage
fscale 0.100000
