# transform file transforms/talairach_with_skull.lta
# created by bpinsard on Wed Oct 11 01:17:05 2023

type      = 0 # LINEAR_VOX_TO_VOX
nxforms   = 1
mean      = 164.0000 178.0000 150.0000
sigma     = 10000.0000
1 4 4
9.017040133476257e-01 4.739945754408836e-02 2.623882610350847e-03 -2.910849571228027e+01 
-5.504351109266281e-02 8.807240724563599e-01 4.875407367944717e-02 6.191679239273071e-01 
0.000000000000000e+00 -6.788384169340134e-02 9.126600623130798e-01 -1.987203598022461e+01 
0.000000000000000e+00 0.000000000000000e+00 0.000000000000000e+00 1.000000000000000e+00 
src volume info
valid = 1  # volume info valid
filename = nu.mgz
volume = 320 320 320
voxelsize = 7.999999523162842e-01 7.999999523162842e-01 7.999999523162842e-01
xras   = -9.999999403953552e-01 -9.094947885091020e-12 5.820766646458253e-10
yras   = 5.820766646458253e-10 0.000000000000000e+00 -9.999999403953552e-01
zras   = 9.663382073699101e-12 1.000000000000000e+00 0.000000000000000e+00
cras   = 2.773986816406250e+00 2.173532867431641e+01 2.356910705566406e+00
dst volume info
valid = 1  # volume info valid
filename = /opt/freesurfer/average/RB_all_withskull_2020_01_02.gca
volume = 256 256 256
voxelsize = 1.000000000000000e+00 1.000000000000000e+00 1.000000000000000e+00
xras   = -1.000000000000000e+00 0.000000000000000e+00 0.000000000000000e+00
yras   = 0.000000000000000e+00 0.000000000000000e+00 -1.000000000000000e+00
zras   = 0.000000000000000e+00 1.000000000000000e+00 0.000000000000000e+00
cras   = 0.000000000000000e+00 0.000000000000000e+00 0.000000000000000e+00
