type      = 1 # LINEAR_RAS_TO_RAS
nxforms   = 1
mean      = 0.0000 0.0000 0.0000
sigma     = 1.0000
1 4 4
1.074082016944885e+00 1.295000035315752e-02 -1.569700054824352e-02 -1.887451052665710e+00 
3.993099927902222e-02 1.025975942611694e+00 1.134880036115646e-01 -3.214241027832031e+01 
8.658999577164650e-03 -5.862100049853325e-02 1.121253013610840e+00 -1.783200073242188e+01 
0.000000000000000e+00 0.000000000000000e+00 0.000000000000000e+00 1.000000000000000e+00 
src volume info
valid = 1  # volume info valid
filename = /localscratch/bpinsard.41498734.0/freesurfer_crosssectional_autorecon1smriprep_skullstripautorecon2autorecon3_sub03_ses015.job/sub-03_ses-015/mri/orig_nu.mgz
volume = 320 320 320
voxelsize = 7.999999523162842e-01 7.999999523162842e-01 7.999999523162842e-01
xras   = -9.999999403953552e-01 -9.094947885091020e-12 5.820766646458253e-10
yras   = 5.820766646458253e-10 0.000000000000000e+00 -9.999999403953552e-01
zras   = 9.663382073699101e-12 1.000000000000000e+00 0.000000000000000e+00
cras   = 2.773986816406250e+00 2.173532867431641e+01 2.356910705566406e+00
dst volume info
valid = 1  # volume info valid
filename = /opt/freesurfer/average/mni305.cor.mgz
volume = 256 256 256
voxelsize = 1.000000000000000e+00 1.000000000000000e+00 1.000000000000000e+00
xras   = -1.000000000000000e+00 0.000000000000000e+00 0.000000000000000e+00
yras   = 0.000000000000000e+00 0.000000000000000e+00 -1.000000000000000e+00
zras   = 0.000000000000000e+00 1.000000000000000e+00 0.000000000000000e+00
cras   = 0.000000000000000e+00 0.000000000000000e+00 0.000000000000000e+00
subject fsaverage
fscale 0.100000
