# transform file /localscratch/bpinsard.41537203.0/freesurfer_longitudinal_autoreconall_sub02.job/sub-02_ses-015.long.sub-02/mri/transforms/cc_up.lta
# created by bpinsard on Fri Oct 13 02:22:18 2023

type      = 0 # LINEAR_VOX_TO_VOX
nxforms   = 1
mean      = 159.0000 170.0000 173.0000
sigma     = 10000.0000
1 4 4
9.995982050895691e-01 -7.709757424890995e-03 -2.727836184203625e-02 -2.539586257934570e+01 
7.706888485699892e-03 9.999703168869019e-01 -2.103158039972186e-04 -1.518690204620361e+01 
2.727917209267616e-02 0.000000000000000e+00 9.996278882026672e-01 -1.726856231689453e+01 
0.000000000000000e+00 0.000000000000000e+00 0.000000000000000e+00 1.000000000000000e+00 
src volume info
valid = 1  # volume info valid
filename = /localscratch/bpinsard.41537203.0/freesurfer_longitudinal_autoreconall_sub02.job/sub-02_ses-015.long.sub-02/mri/norm.mgz
volume = 320 320 320
voxelsize = 8.000000119209290e-01 8.000000119209290e-01 8.000000119209290e-01
xras   = -1.000000000000000e+00 2.522523578907254e-10 -1.897353801849633e-18
yras   = -4.507062312340132e-18 -2.425354838839211e-12 -1.000000000000000e+00
zras   = 2.522523578907254e-10 1.000000000000000e+00 -2.425388449106558e-12
cras   = 1.280829548835754e+00 -8.290282487869263e-01 -2.512763500213623e+00
dst volume info
valid = 1  # volume info valid
filename = /localscratch/bpinsard.41537203.0/freesurfer_longitudinal_autoreconall_sub02.job/sub-02_ses-015.long.sub-02/mri/norm.mgz
volume = 320 320 320
voxelsize = 8.000000119209290e-01 8.000000119209290e-01 8.000000119209290e-01
xras   = -1.000000000000000e+00 2.522523578907254e-10 -1.897353801849633e-18
yras   = -4.507062312340132e-18 -2.425354838839211e-12 -1.000000000000000e+00
zras   = 2.522523578907254e-10 1.000000000000000e+00 -2.425388449106558e-12
cras   = 1.280829548835754e+00 -8.290282487869263e-01 -2.512763500213623e+00
