# transform file /localscratch/bpinsard.41547889.0/freesurfer_longitudinal_autoreconall_sub01.job/sub-01_ses-013.long.sub-01/mri/transforms/cc_up.lta
# created by bpinsard on Sat Oct 14 16:26:14 2023

type      = 0 # LINEAR_VOX_TO_VOX
nxforms   = 1
mean      = 161.0000 165.0000 164.0000
sigma     = 10000.0000
1 4 4
9.971379041671753e-01 -6.894675083458424e-03 -7.528909295797348e-02 -1.753119277954102e+01 
6.875105202198029e-03 9.999762177467346e-01 -5.191061645746231e-04 -7.006597518920898e+00 
7.529088109731674e-02 0.000000000000000e+00 9.971615672111511e-01 -3.549103546142578e+01 
0.000000000000000e+00 0.000000000000000e+00 0.000000000000000e+00 1.000000000000000e+00 
src volume info
valid = 1  # volume info valid
filename = /localscratch/bpinsard.41547889.0/freesurfer_longitudinal_autoreconall_sub01.job/sub-01_ses-013.long.sub-01/mri/norm.mgz
volume = 320 320 320
voxelsize = 8.000000119209290e-01 8.000000119209290e-01 8.000000119209290e-01
xras   = -1.000000000000000e+00 4.986808188611747e-10 -8.315380328749455e-11
yras   = 8.315380328749455e-11 -7.979727989493313e-17 -1.000000000000000e+00
zras   = 4.986808743723259e-10 1.000000000000000e+00 -5.350537721215964e-17
cras   = 9.673804044723511e-01 7.268080711364746e+00 2.035050201416016e+01
dst volume info
valid = 1  # volume info valid
filename = /localscratch/bpinsard.41547889.0/freesurfer_longitudinal_autoreconall_sub01.job/sub-01_ses-013.long.sub-01/mri/norm.mgz
volume = 320 320 320
voxelsize = 8.000000119209290e-01 8.000000119209290e-01 8.000000119209290e-01
xras   = -1.000000000000000e+00 4.986808188611747e-10 -8.315380328749455e-11
yras   = 8.315380328749455e-11 -7.979727989493313e-17 -1.000000000000000e+00
zras   = 4.986808743723259e-10 1.000000000000000e+00 -5.350537721215964e-17
cras   = 9.673804044723511e-01 7.268080711364746e+00 2.035050201416016e+01
