# transform file /localscratch/bpinsard.41537207.0/freesurfer_longitudinal_autoreconall_sub06.job/sub-06_ses-010.long.sub-06/mri/transforms/cc_up.lta
# created by bpinsard on Thu Oct 12 15:28:08 2023

type      = 0 # LINEAR_VOX_TO_VOX
nxforms   = 1
mean      = 160.0000 164.0000 165.0000
sigma     = 10000.0000
1 4 4
9.991863965988159e-01 1.877402886748314e-02 3.569465503096581e-02 -3.974900817871094e+01 
-1.876205950975418e-02 9.998238086700439e-01 -6.702505634166300e-04 -1.287551307678223e+01 
-3.570094704627991e-02 5.820766091346741e-11 9.993625283241272e-01 -1.119541931152344e+01 
0.000000000000000e+00 0.000000000000000e+00 0.000000000000000e+00 1.000000000000000e+00 
src volume info
valid = 1  # volume info valid
filename = /localscratch/bpinsard.41537207.0/freesurfer_longitudinal_autoreconall_sub06.job/sub-06_ses-010.long.sub-06/mri/norm.mgz
volume = 320 320 320
voxelsize = 8.000000119209290e-01 8.000000119209290e-01 8.000000119209290e-01
xras   = -1.000000000000000e+00 -1.663076065749891e-10 0.000000000000000e+00
yras   = 0.000000000000000e+00 0.000000000000000e+00 -1.000000000000000e+00
zras   = -1.663076065749891e-10 1.000000000000000e+00 0.000000000000000e+00
cras   = -1.959856003522873e-01 7.072904109954834e+00 1.618380737304688e+01
dst volume info
valid = 1  # volume info valid
filename = /localscratch/bpinsard.41537207.0/freesurfer_longitudinal_autoreconall_sub06.job/sub-06_ses-010.long.sub-06/mri/norm.mgz
volume = 320 320 320
voxelsize = 8.000000119209290e-01 8.000000119209290e-01 8.000000119209290e-01
xras   = -1.000000000000000e+00 -1.663076065749891e-10 0.000000000000000e+00
yras   = 0.000000000000000e+00 0.000000000000000e+00 -1.000000000000000e+00
zras   = -1.663076065749891e-10 1.000000000000000e+00 0.000000000000000e+00
cras   = -1.959856003522873e-01 7.072904109954834e+00 1.618380737304688e+01
