# transform file transforms/talairach_with_skull.lta
# created by bpinsard on Thu Oct  5 12:59:25 2023

type      = 0 # LINEAR_VOX_TO_VOX
nxforms   = 1
mean      = 164.0000 169.0000 144.0000
sigma     = 10000.0000
1 4 4
9.600600004196167e-01 5.278222635388374e-02 1.013847067952156e-03 -3.853494262695312e+01 
-5.132939666509628e-02 8.057288527488708e-01 2.141171693801880e-01 2.479867458343506e+00 
1.224202103912830e-02 -2.772582471370697e-01 9.715489745140076e-01 1.040420532226562e+00 
0.000000000000000e+00 0.000000000000000e+00 0.000000000000000e+00 1.000000000000000e+00 
src volume info
valid = 1  # volume info valid
filename = nu.mgz
volume = 320 320 320
voxelsize = 7.999954223632812e-01 7.999954223632812e-01 7.999954223632812e-01
xras   = -1.000000000000000e+00 0.000000000000000e+00 0.000000000000000e+00
yras   = 0.000000000000000e+00 0.000000000000000e+00 -1.000000000000000e+00
zras   = 0.000000000000000e+00 1.000000000000000e+00 0.000000000000000e+00
cras   = -2.019500732421875e-01 2.593258666992188e+01 -1.390560913085938e+01
dst volume info
valid = 1  # volume info valid
filename = /opt/freesurfer/average/RB_all_withskull_2020_01_02.gca
volume = 256 256 256
voxelsize = 1.000000000000000e+00 1.000000000000000e+00 1.000000000000000e+00
xras   = -1.000000000000000e+00 0.000000000000000e+00 0.000000000000000e+00
yras   = 0.000000000000000e+00 0.000000000000000e+00 -1.000000000000000e+00
zras   = 0.000000000000000e+00 1.000000000000000e+00 0.000000000000000e+00
cras   = 0.000000000000000e+00 0.000000000000000e+00 0.000000000000000e+00
