# transform file /localscratch/bpinsard.41394480.0/freesurfer_crosssectional_autorecon1smriprep_skullstripautorecon2autorecon3_sub05_ses007.job/sub-05_ses-007/mri/transforms/cc_up.lta
# created by bpinsard on Thu Oct  5 16:30:58 2023

type      = 0 # LINEAR_VOX_TO_VOX
nxforms   = 1
mean      = 163.0000 151.0000 149.0000
sigma     = 10000.0000
1 4 4
9.997839331626892e-01 -5.248647648841143e-03 2.011448517441750e-02 -3.659563064575195e+01 
5.247585941106081e-03 9.999862909317017e-01 1.055753018590622e-04 -2.865708827972412e+00 
-2.011476084589958e-02 0.000000000000000e+00 9.997977018356323e-01 1.630197334289551e+01 
0.000000000000000e+00 0.000000000000000e+00 0.000000000000000e+00 1.000000000000000e+00 
src volume info
valid = 1  # volume info valid
filename = /localscratch/bpinsard.41394480.0/freesurfer_crosssectional_autorecon1smriprep_skullstripautorecon2autorecon3_sub05_ses007.job/sub-05_ses-007/mri/norm.mgz
volume = 320 320 320
voxelsize = 7.999954223632812e-01 7.999954223632812e-01 7.999954223632812e-01
xras   = -1.000000000000000e+00 0.000000000000000e+00 0.000000000000000e+00
yras   = 0.000000000000000e+00 0.000000000000000e+00 -1.000000000000000e+00
zras   = 0.000000000000000e+00 1.000000000000000e+00 0.000000000000000e+00
cras   = -2.019500732421875e-01 2.051089477539062e+01 4.769104003906250e+00
dst volume info
valid = 1  # volume info valid
filename = /localscratch/bpinsard.41394480.0/freesurfer_crosssectional_autorecon1smriprep_skullstripautorecon2autorecon3_sub05_ses007.job/sub-05_ses-007/mri/norm.mgz
volume = 320 320 320
voxelsize = 7.999954223632812e-01 7.999954223632812e-01 7.999954223632812e-01
xras   = -1.000000000000000e+00 0.000000000000000e+00 0.000000000000000e+00
yras   = 0.000000000000000e+00 0.000000000000000e+00 -1.000000000000000e+00
zras   = 0.000000000000000e+00 1.000000000000000e+00 0.000000000000000e+00
cras   = -2.019500732421875e-01 2.051089477539062e+01 4.769104003906250e+00
