# transform file transforms/talairach_with_skull.lta
# created by bpinsard on Thu Oct  5 13:09:28 2023

type      = 0 # LINEAR_VOX_TO_VOX
nxforms   = 1
mean      = 163.0000 182.0000 152.0000
sigma     = 10000.0000
1 4 4
9.236592650413513e-01 3.765680640935898e-02 -1.672290451824665e-02 -2.800032806396484e+01 
-2.649003453552723e-02 8.257631659507751e-01 2.704844772815704e-01 -3.706765747070312e+01 
2.474765852093697e-02 -2.936522364616394e-01 8.457264900207520e-01 2.266721153259277e+01 
0.000000000000000e+00 0.000000000000000e+00 0.000000000000000e+00 1.000000000000000e+00 
src volume info
valid = 1  # volume info valid
filename = nu.mgz
volume = 320 320 320
voxelsize = 7.999954223632812e-01 7.999954223632812e-01 7.999954223632812e-01
xras   = -1.000000000000000e+00 0.000000000000000e+00 0.000000000000000e+00
yras   = 0.000000000000000e+00 0.000000000000000e+00 -1.000000000000000e+00
zras   = 0.000000000000000e+00 1.000000000000000e+00 0.000000000000000e+00
cras   = -2.019500732421875e-01 2.051089477539062e+01 4.769104003906250e+00
dst volume info
valid = 1  # volume info valid
filename = /opt/freesurfer/average/RB_all_withskull_2020_01_02.gca
volume = 256 256 256
voxelsize = 1.000000000000000e+00 1.000000000000000e+00 1.000000000000000e+00
xras   = -1.000000000000000e+00 0.000000000000000e+00 0.000000000000000e+00
yras   = 0.000000000000000e+00 0.000000000000000e+00 -1.000000000000000e+00
zras   = 0.000000000000000e+00 1.000000000000000e+00 0.000000000000000e+00
cras   = 0.000000000000000e+00 0.000000000000000e+00 0.000000000000000e+00
