# transform file /localscratch/bpinsard.41508929.0/freesurfer_longitudinal_autoreconall_sub04.job/sub-04_ses-004.long.sub-04/mri/transforms/cc_up.lta
# created by bpinsard on Wed Oct 11 20:32:33 2023

type      = 0 # LINEAR_VOX_TO_VOX
nxforms   = 1
mean      = 158.0000 165.0000 166.0000
sigma     = 10000.0000
1 4 4
9.973108768463135e-01 6.950145959854126e-02 -2.324943989515305e-02 -3.676603698730469e+01 
-6.948257982730865e-02 9.975818395614624e-01 1.619786955416203e-03 -7.904470562934875e-01 
2.330579794943333e-02 -1.164153218269348e-10 9.997283816337585e-01 -2.768763732910156e+01 
0.000000000000000e+00 0.000000000000000e+00 0.000000000000000e+00 1.000000000000000e+00 
src volume info
valid = 1  # volume info valid
filename = /localscratch/bpinsard.41508929.0/freesurfer_longitudinal_autoreconall_sub04.job/sub-04_ses-004.long.sub-04/mri/norm.mgz
volume = 320 320 320
voxelsize = 8.000000119209290e-01 8.000000119209290e-01 8.000000119209290e-01
xras   = -1.000000000000000e+00 0.000000000000000e+00 4.656612873077393e-10
yras   = -4.656612873077393e-10 0.000000000000000e+00 -1.000000000000000e+00
zras   = 0.000000000000000e+00 1.000000000000000e+00 0.000000000000000e+00
cras   = -2.881513118743896e+00 7.315050601959229e+00 1.888040542602539e+01
dst volume info
valid = 1  # volume info valid
filename = /localscratch/bpinsard.41508929.0/freesurfer_longitudinal_autoreconall_sub04.job/sub-04_ses-004.long.sub-04/mri/norm.mgz
volume = 320 320 320
voxelsize = 8.000000119209290e-01 8.000000119209290e-01 8.000000119209290e-01
xras   = -1.000000000000000e+00 0.000000000000000e+00 4.656612873077393e-10
yras   = -4.656612873077393e-10 0.000000000000000e+00 -1.000000000000000e+00
zras   = 0.000000000000000e+00 1.000000000000000e+00 0.000000000000000e+00
cras   = -2.881513118743896e+00 7.315050601959229e+00 1.888040542602539e+01
