# transform file /localscratch/bpinsard.41394420.0/freesurfer_crosssectional_autorecon1smriprep_skullstripautorecon2autorecon3_sub01_ses009.job/sub-01_ses-009/mri/transforms/cc_up.lta
# created by bpinsard on Thu Oct  5 15:30:54 2023

type      = 0 # LINEAR_VOX_TO_VOX
nxforms   = 1
mean      = 162.0000 124.0000 145.0000
sigma     = 10000.0000
1 4 4
9.966666102409363e-01 5.478913895785809e-03 -8.139964193105698e-02 -2.092340660095215e+01 
-5.460731685161591e-03 9.999851584434509e-01 4.459882911760360e-04 3.081447601318359e+01 
8.140086382627487e-02 0.000000000000000e+00 9.966815710067749e-01 -2.257867240905762e+01 
0.000000000000000e+00 0.000000000000000e+00 0.000000000000000e+00 1.000000000000000e+00 
src volume info
valid = 1  # volume info valid
filename = /localscratch/bpinsard.41394420.0/freesurfer_crosssectional_autorecon1smriprep_skullstripautorecon2autorecon3_sub01_ses009.job/sub-01_ses-009/mri/norm.mgz
volume = 320 320 320
voxelsize = 7.999984025955200e-01 7.999984025955200e-01 7.999984025955200e-01
xras   = -1.000000119209290e+00 4.656622198950799e-09 0.000000000000000e+00
yras   = 0.000000000000000e+00 0.000000000000000e+00 -1.000000119209290e+00
zras   = 0.000000000000000e+00 1.000000119209290e+00 0.000000000000000e+00
cras   = 2.150627136230469e+00 2.595856475830078e+01 -1.330319213867188e+01
dst volume info
valid = 1  # volume info valid
filename = /localscratch/bpinsard.41394420.0/freesurfer_crosssectional_autorecon1smriprep_skullstripautorecon2autorecon3_sub01_ses009.job/sub-01_ses-009/mri/norm.mgz
volume = 320 320 320
voxelsize = 7.999984025955200e-01 7.999984025955200e-01 7.999984025955200e-01
xras   = -1.000000119209290e+00 4.656622198950799e-09 0.000000000000000e+00
yras   = 0.000000000000000e+00 0.000000000000000e+00 -1.000000119209290e+00
zras   = 0.000000000000000e+00 1.000000119209290e+00 0.000000000000000e+00
cras   = 2.150627136230469e+00 2.595856475830078e+01 -1.330319213867188e+01
