type      = 0 # LINEAR_VOX_TO_VOX
nxforms   = 1
mean      = 0.0000 0.0000 0.0000
sigma     = 1.0000
1 4 4
8.304079771041870e-01 3.657620633020997e-03 -5.631106346845627e-02 1.753509521484375e+00 
1.600047806277871e-03 9.458466172218323e-01 8.503198623657227e-02 -8.858169555664062e+00 
5.720420554280281e-02 -7.549400627613068e-02 8.386752605438232e-01 -1.193881225585938e+01 
0.000000000000000e+00 0.000000000000000e+00 0.000000000000000e+00 1.000000000000000e+00 
src volume info
valid = 1  # volume info valid
filename = /localscratch/bpinsard.41394420.0/freesurfer_crosssectional_autorecon1smriprep_skullstripautorecon2autorecon3_sub01_ses009.job/sub-01_ses-009/mri/orig.mgz
volume = 320 320 320
voxelsize = 7.999984025955200e-01 7.999984025955200e-01 7.999984025955200e-01
xras   = -1.000000119209290e+00 4.656622198950799e-09 0.000000000000000e+00
yras   = 0.000000000000000e+00 0.000000000000000e+00 -1.000000119209290e+00
zras   = 0.000000000000000e+00 1.000000119209290e+00 0.000000000000000e+00
cras   = 2.150627136230469e+00 2.595856475830078e+01 -1.330319213867188e+01
dst volume info
valid = 1  # volume info valid
filename = /opt/freesurfer/average/mni305.cor.mgz
volume = 256 256 256
voxelsize = 1.000000000000000e+00 1.000000000000000e+00 1.000000000000000e+00
xras   = -1.000000000000000e+00 0.000000000000000e+00 0.000000000000000e+00
yras   = 0.000000000000000e+00 0.000000000000000e+00 -1.000000000000000e+00
zras   = 0.000000000000000e+00 1.000000000000000e+00 0.000000000000000e+00
cras   = 0.000000000000000e+00 0.000000000000000e+00 0.000000000000000e+00
subject fsaverage
fscale 0.100000
