type      = 1 # LINEAR_RAS_TO_RAS
nxforms   = 1
mean      = 0.0000 0.0000 0.0000
sigma     = 1.0000
1 4 4
1.038011908531189e+00 7.038895785808563e-02 4.572034347802401e-03 -2.192993879318237e+00 
-7.150538265705109e-02 1.048346042633057e+00 9.436768293380737e-02 -3.448151397705078e+01 
2.000062959268689e-03 -1.062901765108109e-01 1.182310461997986e+00 -9.855072021484375e+00 
0.000000000000000e+00 0.000000000000000e+00 0.000000000000000e+00 1.000000000000000e+00 
src volume info
valid = 1  # volume info valid
filename = /localscratch/bpinsard.41394420.0/freesurfer_crosssectional_autorecon1smriprep_skullstripautorecon2autorecon3_sub01_ses009.job/sub-01_ses-009/mri/orig_nu.mgz
volume = 320 320 320
voxelsize = 7.999984025955200e-01 7.999984025955200e-01 7.999984025955200e-01
xras   = -1.000000119209290e+00 4.656622198950799e-09 0.000000000000000e+00
yras   = 0.000000000000000e+00 0.000000000000000e+00 -1.000000119209290e+00
zras   = 0.000000000000000e+00 1.000000119209290e+00 0.000000000000000e+00
cras   = 2.150627136230469e+00 2.595856475830078e+01 -1.330319213867188e+01
dst volume info
valid = 1  # volume info valid
filename = /opt/freesurfer/mni/bin/../share/mni_autoreg/average_305.mnc
volume = 172 220 156
voxelsize = 1.000000000000000e+00 1.000000000000000e+00 1.000000000000000e+00
xras   = 1.000000000000000e+00 0.000000000000000e+00 0.000000000000000e+00
yras   = 0.000000000000000e+00 1.000000000000000e+00 0.000000000000000e+00
zras   = 0.000000000000000e+00 0.000000000000000e+00 1.000000000000000e+00
cras   = -9.499999880790710e-02 -1.651000022888184e+01 9.750000000000000e+00
subject fsaverage
fscale 0.100000
