# transform file /localscratch/bpinsard.41394484.0/freesurfer_crosssectional_autorecon1smriprep_skullstripautorecon2autorecon3_sub05_ses011.job/sub-05_ses-011/mri/transforms/cc_up.lta
# created by bpinsard on Thu Oct  5 16:24:11 2023

type      = 0 # LINEAR_VOX_TO_VOX
nxforms   = 1
mean      = 162.0000 123.0000 145.0000
sigma     = 10000.0000
1 4 4
9.996822476387024e-01 8.795159868896008e-03 -2.362304180860519e-02 -3.123258781433105e+01 
-8.792705833911896e-03 9.999613165855408e-01 2.077764802379534e-04 2.639655113220215e+01 
2.362395450472832e-02 0.000000000000000e+00 9.997208714485168e-01 1.322752285003662e+01 
0.000000000000000e+00 0.000000000000000e+00 0.000000000000000e+00 1.000000000000000e+00 
src volume info
valid = 1  # volume info valid
filename = /localscratch/bpinsard.41394484.0/freesurfer_crosssectional_autorecon1smriprep_skullstripautorecon2autorecon3_sub05_ses011.job/sub-05_ses-011/mri/norm.mgz
volume = 320 320 320
voxelsize = 7.999954223632812e-01 7.999954223632812e-01 7.999954223632812e-01
xras   = -1.000000000000000e+00 0.000000000000000e+00 0.000000000000000e+00
yras   = 0.000000000000000e+00 0.000000000000000e+00 -1.000000000000000e+00
zras   = 0.000000000000000e+00 1.000000000000000e+00 0.000000000000000e+00
cras   = -2.019500732421875e-01 2.352294921875000e+01 -3.062225341796875e+00
dst volume info
valid = 1  # volume info valid
filename = /localscratch/bpinsard.41394484.0/freesurfer_crosssectional_autorecon1smriprep_skullstripautorecon2autorecon3_sub05_ses011.job/sub-05_ses-011/mri/norm.mgz
volume = 320 320 320
voxelsize = 7.999954223632812e-01 7.999954223632812e-01 7.999954223632812e-01
xras   = -1.000000000000000e+00 0.000000000000000e+00 0.000000000000000e+00
yras   = 0.000000000000000e+00 0.000000000000000e+00 -1.000000000000000e+00
zras   = 0.000000000000000e+00 1.000000000000000e+00 0.000000000000000e+00
cras   = -2.019500732421875e-01 2.352294921875000e+01 -3.062225341796875e+00
