# transform file transforms/talairach.lta
# created by bpinsard on Thu Oct  5 13:22:57 2023

type      = 0 # LINEAR_VOX_TO_VOX
nxforms   = 1
mean      = 162.0000 124.0000 145.0000
sigma     = 10000.0000
1 4 4
8.462018370628357e-01 4.558770731091499e-02 2.802527695894241e-02 -1.994607925415039e+01 
-3.740280866622925e-02 8.713027238845825e-01 1.440388858318329e-01 1.094848632812500e+00 
-1.968670263886452e-02 -1.082171723246574e-01 8.211439847946167e-01 7.863992214202881e+00 
0.000000000000000e+00 0.000000000000000e+00 0.000000000000000e+00 1.000000000000000e+00 
src volume info
valid = 1  # volume info valid
filename = nu.mgz
volume = 320 320 320
voxelsize = 7.999954223632812e-01 7.999954223632812e-01 7.999954223632812e-01
xras   = -1.000000000000000e+00 0.000000000000000e+00 0.000000000000000e+00
yras   = 0.000000000000000e+00 0.000000000000000e+00 -1.000000000000000e+00
zras   = 0.000000000000000e+00 1.000000000000000e+00 0.000000000000000e+00
cras   = -2.019500732421875e-01 2.352294921875000e+01 -3.062225341796875e+00
dst volume info
valid = 1  # volume info valid
filename = /opt/freesurfer/average/RB_all_2020-01-02.gca
volume = 256 256 256
voxelsize = 1.000000000000000e+00 1.000000000000000e+00 1.000000000000000e+00
xras   = -1.000000000000000e+00 0.000000000000000e+00 0.000000000000000e+00
yras   = 0.000000000000000e+00 0.000000000000000e+00 -1.000000000000000e+00
zras   = 0.000000000000000e+00 1.000000000000000e+00 0.000000000000000e+00
cras   = 0.000000000000000e+00 0.000000000000000e+00 0.000000000000000e+00
