# transform file /localscratch/bpinsard.41537207.0/freesurfer_longitudinal_autoreconall_sub06.job/sub-06_ses-009.long.sub-06/mri/transforms/cc_up.lta
# created by bpinsard on Sat Oct 14 11:47:41 2023

type      = 0 # LINEAR_VOX_TO_VOX
nxforms   = 1
mean      = 159.0000 164.0000 165.0000
sigma     = 10000.0000
1 4 4
9.995306134223938e-01 9.533127886243165e-04 3.062335215508938e-02 -3.544130706787109e+01 
-9.528656955808401e-04 9.999996423721313e-01 -2.919364487752318e-05 -1.584330558776855e+01 
-3.062336519360542e-02 0.000000000000000e+00 9.995310306549072e-01 -1.003319549560547e+01 
0.000000000000000e+00 0.000000000000000e+00 0.000000000000000e+00 1.000000000000000e+00 
src volume info
valid = 1  # volume info valid
filename = /localscratch/bpinsard.41537207.0/freesurfer_longitudinal_autoreconall_sub06.job/sub-06_ses-009.long.sub-06/mri/norm.mgz
volume = 320 320 320
voxelsize = 8.000000119209290e-01 8.000000119209290e-01 8.000000119209290e-01
xras   = -1.000000000000000e+00 -1.663076065749891e-10 0.000000000000000e+00
yras   = 0.000000000000000e+00 0.000000000000000e+00 -1.000000000000000e+00
zras   = -1.663076065749891e-10 1.000000000000000e+00 0.000000000000000e+00
cras   = -1.959856003522873e-01 7.072904109954834e+00 1.618380737304688e+01
dst volume info
valid = 1  # volume info valid
filename = /localscratch/bpinsard.41537207.0/freesurfer_longitudinal_autoreconall_sub06.job/sub-06_ses-009.long.sub-06/mri/norm.mgz
volume = 320 320 320
voxelsize = 8.000000119209290e-01 8.000000119209290e-01 8.000000119209290e-01
xras   = -1.000000000000000e+00 -1.663076065749891e-10 0.000000000000000e+00
yras   = 0.000000000000000e+00 0.000000000000000e+00 -1.000000000000000e+00
zras   = -1.663076065749891e-10 1.000000000000000e+00 0.000000000000000e+00
cras   = -1.959856003522873e-01 7.072904109954834e+00 1.618380737304688e+01
