# transform file /localscratch/bpinsard.41508929.0/freesurfer_longitudinal_autoreconall_sub04.job/sub-04_ses-003.long.sub-04/mri/transforms/cc_up.lta
# created by bpinsard on Thu Oct 12 06:59:07 2023

type      = 0 # LINEAR_VOX_TO_VOX
nxforms   = 1
mean      = 158.0000 164.0000 165.0000
sigma     = 10000.0000
1 4 4
9.973726272583008e-01 6.850222498178482e-02 -2.356053143739700e-02 -3.663585662841797e+01 
-6.848311424255371e-02 9.976508617401123e-01 1.617748988792300e-03 -9.565008282661438e-01 
2.361600659787655e-02 0.000000000000000e+00 9.997210502624512e-01 -2.573672485351562e+01 
0.000000000000000e+00 0.000000000000000e+00 0.000000000000000e+00 1.000000000000000e+00 
src volume info
valid = 1  # volume info valid
filename = /localscratch/bpinsard.41508929.0/freesurfer_longitudinal_autoreconall_sub04.job/sub-04_ses-003.long.sub-04/mri/norm.mgz
volume = 320 320 320
voxelsize = 8.000000119209290e-01 8.000000119209290e-01 8.000000119209290e-01
xras   = -1.000000000000000e+00 0.000000000000000e+00 4.656612873077393e-10
yras   = -4.656612873077393e-10 0.000000000000000e+00 -1.000000000000000e+00
zras   = 0.000000000000000e+00 1.000000000000000e+00 0.000000000000000e+00
cras   = -2.881513118743896e+00 7.315050601959229e+00 1.888040542602539e+01
dst volume info
valid = 1  # volume info valid
filename = /localscratch/bpinsard.41508929.0/freesurfer_longitudinal_autoreconall_sub04.job/sub-04_ses-003.long.sub-04/mri/norm.mgz
volume = 320 320 320
voxelsize = 8.000000119209290e-01 8.000000119209290e-01 8.000000119209290e-01
xras   = -1.000000000000000e+00 0.000000000000000e+00 4.656612873077393e-10
yras   = -4.656612873077393e-10 0.000000000000000e+00 -1.000000000000000e+00
zras   = 0.000000000000000e+00 1.000000000000000e+00 0.000000000000000e+00
cras   = -2.881513118743896e+00 7.315050601959229e+00 1.888040542602539e+01
