# transform file /localscratch/bpinsard.41394474.0/freesurfer_crosssectional_autorecon1smriprep_skullstripautorecon2autorecon3_sub05_ses001.job/sub-05_ses-001/mri/transforms/cc_up.lta
# created by bpinsard on Thu Oct  5 16:15:45 2023

type      = 0 # LINEAR_VOX_TO_VOX
nxforms   = 1
mean      = 163.0000 146.0000 144.0000
sigma     = 10000.0000
1 4 4
9.984515905380249e-01 4.899501800537109e-02 -2.634587511420250e-02 -3.892124176025391e+01 
-4.897797107696533e-02 9.987990856170654e-01 1.292368513531983e-03 1.098877811431885e+01 
2.637755312025547e-02 0.000000000000000e+00 9.996521472930908e-01 1.173942756652832e+01 
0.000000000000000e+00 0.000000000000000e+00 0.000000000000000e+00 1.000000000000000e+00 
src volume info
valid = 1  # volume info valid
filename = /localscratch/bpinsard.41394474.0/freesurfer_crosssectional_autorecon1smriprep_skullstripautorecon2autorecon3_sub05_ses001.job/sub-05_ses-001/mri/norm.mgz
volume = 320 320 320
voxelsize = 8.000000119209290e-01 8.000000119209290e-01 8.000000119209290e-01
xras   = -1.000000119209290e+00 0.000000000000000e+00 0.000000000000000e+00
yras   = 0.000000000000000e+00 0.000000000000000e+00 -1.000000000000000e+00
zras   = 0.000000000000000e+00 1.000000000000000e+00 0.000000000000000e+00
cras   = -8.093261718750000e-02 2.457177734375000e+01 5.679321289062500e-02
dst volume info
valid = 1  # volume info valid
filename = /localscratch/bpinsard.41394474.0/freesurfer_crosssectional_autorecon1smriprep_skullstripautorecon2autorecon3_sub05_ses001.job/sub-05_ses-001/mri/norm.mgz
volume = 320 320 320
voxelsize = 8.000000119209290e-01 8.000000119209290e-01 8.000000119209290e-01
xras   = -1.000000119209290e+00 0.000000000000000e+00 0.000000000000000e+00
yras   = 0.000000000000000e+00 0.000000000000000e+00 -1.000000000000000e+00
zras   = 0.000000000000000e+00 1.000000000000000e+00 0.000000000000000e+00
cras   = -8.093261718750000e-02 2.457177734375000e+01 5.679321289062500e-02
