# transform file /localscratch/bpinsard.41394451.0/freesurfer_crosssectional_autorecon1smriprep_skullstripautorecon2autorecon3_sub02_ses011.job/sub-02_ses-011/mri/transforms/cc_up.lta
# created by bpinsard on Thu Oct  5 16:10:05 2023

type      = 0 # LINEAR_VOX_TO_VOX
nxforms   = 1
mean      = 161.0000 135.0000 138.0000
sigma     = 10000.0000
1 4 4
9.999356269836426e-01 -2.387705259025097e-03 -1.110009849071503e-02 -2.953041648864746e+01 
2.387558110058308e-03 9.999971985816956e-01 -2.650383794389199e-05 -9.376529693603516e+00 
1.110013015568256e-02 -1.818989620386291e-12 9.999384880065918e-01 2.424136543273926e+01 
0.000000000000000e+00 0.000000000000000e+00 0.000000000000000e+00 1.000000000000000e+00 
src volume info
valid = 1  # volume info valid
filename = /localscratch/bpinsard.41394451.0/freesurfer_crosssectional_autorecon1smriprep_skullstripautorecon2autorecon3_sub02_ses011.job/sub-02_ses-011/mri/norm.mgz
volume = 320 320 320
voxelsize = 8.000000119209290e-01 8.000000119209290e-01 8.000000119209290e-01
xras   = -1.000000119209290e+00 0.000000000000000e+00 0.000000000000000e+00
yras   = 0.000000000000000e+00 0.000000000000000e+00 -1.000000000000000e+00
zras   = 0.000000000000000e+00 1.000000000000000e+00 0.000000000000000e+00
cras   = 1.290885925292969e+00 2.593258666992188e+01 -1.390560913085938e+01
dst volume info
valid = 1  # volume info valid
filename = /localscratch/bpinsard.41394451.0/freesurfer_crosssectional_autorecon1smriprep_skullstripautorecon2autorecon3_sub02_ses011.job/sub-02_ses-011/mri/norm.mgz
volume = 320 320 320
voxelsize = 8.000000119209290e-01 8.000000119209290e-01 8.000000119209290e-01
xras   = -1.000000119209290e+00 0.000000000000000e+00 0.000000000000000e+00
yras   = 0.000000000000000e+00 0.000000000000000e+00 -1.000000000000000e+00
zras   = 0.000000000000000e+00 1.000000000000000e+00 0.000000000000000e+00
cras   = 1.290885925292969e+00 2.593258666992188e+01 -1.390560913085938e+01
