# transform file /localscratch/bpinsard.41510481.0/freesurfer_template_autoreconall_sub05.job/sub-05/mri/transforms/sub-05_ses-008_to_sub-05.lta
# created by bpinsard on Wed Oct 11 19:16:16 2023

type      = 1 # LINEAR_RAS_TO_RAS
nxforms   = 1
mean      = 160.0000 128.0000 142.0000
sigma     = 10000.0000
1 4 4
9.999394416809082e-01 9.219449013471603e-03 -6.032916251569986e-03 1.015693664550781e+00 
-9.225922636687756e-03 9.999569058418274e-01 -1.045886427164078e-03 1.555099487304688e-01 
6.023014895617962e-03 1.101482310332358e-03 9.999813437461853e-01 2.166625976562500e+00 
0.000000000000000e+00 0.000000000000000e+00 0.000000000000000e+00 1.000000000000000e+00 
src volume info
valid = 1  # volume info valid
filename = /localscratch/bpinsard.41510481.0/freesurfer_template_autoreconall_sub05.job/sub-05_ses-008/mri/norm.mgz
volume = 320 320 320
voxelsize = 8.000000119209290e-01 8.000000119209290e-01 8.000000119209290e-01
xras   = -1.000000119209290e+00 0.000000000000000e+00 0.000000000000000e+00
yras   = 0.000000000000000e+00 0.000000000000000e+00 -1.000000000000000e+00
zras   = 0.000000000000000e+00 1.000000000000000e+00 0.000000000000000e+00
cras   = -2.896453857421875e+00 2.593258666992188e+01 -1.390560913085938e+01
dst volume info
valid = 1  # volume info valid
filename = /localscratch/bpinsard.41510481.0/freesurfer_template_autoreconall_sub05.job/sub-05/mri/norm_template.mgz
volume = 320 320 320
voxelsize = 8.000000119209290e-01 8.000000119209290e-01 8.000000119209290e-01
xras   = -1.000000000000000e+00 0.000000000000000e+00 0.000000000000000e+00
yras   = 0.000000000000000e+00 0.000000000000000e+00 -1.000000000000000e+00
zras   = 0.000000000000000e+00 1.000000000000000e+00 0.000000000000000e+00
cras   = -2.421693563461304e+00 3.640967845916748e+00 1.867736244201660e+01
