type      = 0 # LINEAR_VOX_TO_VOX
nxforms   = 1
mean      = 160.0000 128.0000 142.0000
sigma     = 10000.0000
1 4 4
9.999390244483948e-01 6.023012101650238e-03 9.225918911397457e-03 -1.838287353515625e+00 
-6.032916251569986e-03 9.999811649322510e-01 1.045886543579400e-03 -3.724047851562500e+01 
-9.219449013471603e-03 -1.101482077501714e-03 9.999569654464722e-01 -2.641774749755859e+01 
0.000000000000000e+00 0.000000000000000e+00 0.000000000000000e+00 1.000000000000000e+00 
src volume info
valid = 1  # volume info valid
filename = /localscratch/bpinsard.41510481.0/freesurfer_template_autoreconall_sub05.job/sub-05/mri/norm_template.mgz
volume = 320 320 320
voxelsize = 8.000000119209290e-01 8.000000119209290e-01 8.000000119209290e-01
xras   = -1.000000000000000e+00 0.000000000000000e+00 0.000000000000000e+00
yras   = 0.000000000000000e+00 0.000000000000000e+00 -1.000000000000000e+00
zras   = 0.000000000000000e+00 1.000000000000000e+00 0.000000000000000e+00
cras   = -2.421693563461304e+00 3.640967845916748e+00 1.867736244201660e+01
dst volume info
valid = 1  # volume info valid
filename = /localscratch/bpinsard.41510481.0/freesurfer_template_autoreconall_sub05.job/sub-05_ses-008/mri/norm.mgz
volume = 320 320 320
voxelsize = 8.000000119209290e-01 8.000000119209290e-01 8.000000119209290e-01
xras   = -1.000000119209290e+00 0.000000000000000e+00 0.000000000000000e+00
yras   = 0.000000000000000e+00 0.000000000000000e+00 -1.000000000000000e+00
zras   = 0.000000000000000e+00 1.000000000000000e+00 0.000000000000000e+00
cras   = -2.896453857421875e+00 2.593258666992188e+01 -1.390560913085938e+01
fscale 0.150000
