type      = 0 # LINEAR_VOX_TO_VOX
nxforms   = 1
mean      = 163.0000 126.0000 142.0000
sigma     = 10000.0000
1 4 4
9.996057748794556e-01 -2.486762823536992e-03 -2.816714346408844e-02 8.274459838867188e+00 
2.963293110951781e-03 9.998586773872375e-01 1.688894256949425e-02 -4.273692321777344e+01 
2.812100574374199e-02 -1.696565560996532e-02 9.994662404060364e-01 -2.949505615234375e+01 
0.000000000000000e+00 0.000000000000000e+00 0.000000000000000e+00 1.000000000000000e+00 
src volume info
valid = 1  # volume info valid
filename = /localscratch/bpinsard.41510481.0/freesurfer_template_autoreconall_sub05.job/sub-05/mri/norm_template.mgz
volume = 320 320 320
voxelsize = 8.000000119209290e-01 8.000000119209290e-01 8.000000119209290e-01
xras   = -1.000000000000000e+00 0.000000000000000e+00 0.000000000000000e+00
yras   = 0.000000000000000e+00 0.000000000000000e+00 -1.000000000000000e+00
zras   = 0.000000000000000e+00 1.000000000000000e+00 0.000000000000000e+00
cras   = -2.421693563461304e+00 3.640967845916748e+00 1.867736244201660e+01
dst volume info
valid = 1  # volume info valid
filename = /localscratch/bpinsard.41510481.0/freesurfer_template_autoreconall_sub05.job/sub-05_ses-005/mri/norm.mgz
volume = 320 320 320
voxelsize = 7.999954223632812e-01 7.999954223632812e-01 7.999954223632812e-01
xras   = -1.000000000000000e+00 0.000000000000000e+00 0.000000000000000e+00
yras   = 0.000000000000000e+00 0.000000000000000e+00 -1.000000000000000e+00
zras   = 0.000000000000000e+00 1.000000000000000e+00 0.000000000000000e+00
cras   = -2.019500732421875e-01 2.593258666992188e+01 -1.390560913085938e+01
fscale 0.150000
