type      = 0 # LINEAR_VOX_TO_VOX
nxforms   = 1
mean      = 163.0000 125.0000 142.0000
sigma     = 10000.0000
1 4 4
9.997934103012085e-01 -1.121874433010817e-03 -2.056823670864105e-02 6.955017089843750e+00 
5.408960278145969e-04 9.996069073677063e-01 -2.823039889335632e-02 -3.697387695312500e+01 
2.059170417487621e-02 2.821328118443489e-02 9.993953704833984e-01 -3.578230285644531e+01 
0.000000000000000e+00 0.000000000000000e+00 0.000000000000000e+00 1.000000000000000e+00 
src volume info
valid = 1  # volume info valid
filename = /localscratch/bpinsard.41510481.0/freesurfer_template_autoreconall_sub05.job/sub-05/mri/norm_template.mgz
volume = 320 320 320
voxelsize = 8.000000119209290e-01 8.000000119209290e-01 8.000000119209290e-01
xras   = -1.000000000000000e+00 0.000000000000000e+00 0.000000000000000e+00
yras   = 0.000000000000000e+00 0.000000000000000e+00 -1.000000000000000e+00
zras   = 0.000000000000000e+00 1.000000000000000e+00 0.000000000000000e+00
cras   = -2.421693563461304e+00 3.640967845916748e+00 1.867736244201660e+01
dst volume info
valid = 1  # volume info valid
filename = /localscratch/bpinsard.41510481.0/freesurfer_template_autoreconall_sub05.job/sub-05_ses-002/mri/norm.mgz
volume = 320 320 320
voxelsize = 7.999954223632812e-01 7.999954223632812e-01 7.999954223632812e-01
xras   = -1.000000000000000e+00 0.000000000000000e+00 0.000000000000000e+00
yras   = 0.000000000000000e+00 0.000000000000000e+00 -1.000000000000000e+00
zras   = 0.000000000000000e+00 1.000000000000000e+00 0.000000000000000e+00
cras   = -2.019500732421875e-01 2.593258666992188e+01 -1.390560913085938e+01
fscale 0.150000
