type      = 0 # LINEAR_VOX_TO_VOX
nxforms   = 1
mean      = 162.0000 123.0000 145.0000
sigma     = 10000.0000
1 4 4
9.999151229858398e-01 2.974726026877761e-03 1.312878169119358e-02 -2.632751464843750e-01 
-3.329776925966144e-03 9.996327757835388e-01 2.710536494851112e-02 -4.518493652343750e+01 
-1.304325461387634e-02 -2.714662812650204e-02 9.995521306991577e-01 -1.773547363281250e+01 
0.000000000000000e+00 0.000000000000000e+00 0.000000000000000e+00 1.000000000000000e+00 
src volume info
valid = 1  # volume info valid
filename = /localscratch/bpinsard.41510481.0/freesurfer_template_autoreconall_sub05.job/sub-05/mri/norm_template.mgz
volume = 320 320 320
voxelsize = 8.000000119209290e-01 8.000000119209290e-01 8.000000119209290e-01
xras   = -1.000000000000000e+00 0.000000000000000e+00 0.000000000000000e+00
yras   = 0.000000000000000e+00 0.000000000000000e+00 -1.000000000000000e+00
zras   = 0.000000000000000e+00 1.000000000000000e+00 0.000000000000000e+00
cras   = -2.421693563461304e+00 3.640967845916748e+00 1.867736244201660e+01
dst volume info
valid = 1  # volume info valid
filename = /localscratch/bpinsard.41510481.0/freesurfer_template_autoreconall_sub05.job/sub-05_ses-011/mri/norm.mgz
volume = 320 320 320
voxelsize = 7.999954223632812e-01 7.999954223632812e-01 7.999954223632812e-01
xras   = -1.000000000000000e+00 0.000000000000000e+00 0.000000000000000e+00
yras   = 0.000000000000000e+00 0.000000000000000e+00 -1.000000000000000e+00
zras   = 0.000000000000000e+00 1.000000000000000e+00 0.000000000000000e+00
cras   = -2.019500732421875e-01 2.352294921875000e+01 -3.062225341796875e+00
fscale 0.150000
