# transform file /localscratch/bpinsard.41510481.0/freesurfer_template_autoreconall_sub05.job/sub-05/mri/transforms/sub-05_ses-001_to_sub-05.lta
# created by bpinsard on Wed Oct 11 19:16:16 2023

type      = 1 # LINEAR_RAS_TO_RAS
nxforms   = 1
mean      = 163.0000 146.0000 144.0000
sigma     = 10000.0000
1 4 4
9.990626573562622e-01 1.292721834033728e-02 4.131885990500450e-02 3.994979858398438e-01 
-1.420416124165058e-02 9.994258284568787e-01 3.076195158064365e-02 1.145172119140625e-02 
-4.089745506644249e-02 -3.132000938057899e-02 9.986724257469177e-01 3.010879516601562e+00 
0.000000000000000e+00 0.000000000000000e+00 0.000000000000000e+00 1.000000000000000e+00 
src volume info
valid = 1  # volume info valid
filename = /localscratch/bpinsard.41510481.0/freesurfer_template_autoreconall_sub05.job/sub-05_ses-001/mri/norm.mgz
volume = 320 320 320
voxelsize = 8.000000119209290e-01 8.000000119209290e-01 8.000000119209290e-01
xras   = -1.000000119209290e+00 0.000000000000000e+00 0.000000000000000e+00
yras   = 0.000000000000000e+00 0.000000000000000e+00 -1.000000000000000e+00
zras   = 0.000000000000000e+00 1.000000000000000e+00 0.000000000000000e+00
cras   = -8.093261718750000e-02 2.457177734375000e+01 5.679321289062500e-02
dst volume info
valid = 1  # volume info valid
filename = /localscratch/bpinsard.41510481.0/freesurfer_template_autoreconall_sub05.job/sub-05/mri/norm_template.mgz
volume = 320 320 320
voxelsize = 8.000000119209290e-01 8.000000119209290e-01 8.000000119209290e-01
xras   = -1.000000000000000e+00 0.000000000000000e+00 0.000000000000000e+00
yras   = 0.000000000000000e+00 0.000000000000000e+00 -1.000000000000000e+00
zras   = 0.000000000000000e+00 1.000000000000000e+00 0.000000000000000e+00
cras   = -2.421693563461304e+00 3.640967845916748e+00 1.867736244201660e+01
