type      = 0 # LINEAR_VOX_TO_VOX
nxforms   = 1
mean      = 163.0000 151.0000 149.0000
sigma     = 10000.0000
1 4 4
9.996894001960754e-01 8.900365792214870e-03 -2.352565899491310e-02 5.751693725585938e+00 
-9.447637945413589e-03 9.996905922889709e-01 -2.325500547885895e-02 -1.029782104492188e+01 
2.331127226352692e-02 2.346991188824177e-02 9.994584321975708e-01 -2.904434204101562e+01 
0.000000000000000e+00 0.000000000000000e+00 0.000000000000000e+00 1.000000000000000e+00 
src volume info
valid = 1  # volume info valid
filename = /localscratch/bpinsard.41510481.0/freesurfer_template_autoreconall_sub05.job/sub-05/mri/norm_template.mgz
volume = 320 320 320
voxelsize = 8.000000119209290e-01 8.000000119209290e-01 8.000000119209290e-01
xras   = -1.000000000000000e+00 0.000000000000000e+00 0.000000000000000e+00
yras   = 0.000000000000000e+00 0.000000000000000e+00 -1.000000000000000e+00
zras   = 0.000000000000000e+00 1.000000000000000e+00 0.000000000000000e+00
cras   = -2.421693563461304e+00 3.640967845916748e+00 1.867736244201660e+01
dst volume info
valid = 1  # volume info valid
filename = /localscratch/bpinsard.41510481.0/freesurfer_template_autoreconall_sub05.job/sub-05_ses-007/mri/norm.mgz
volume = 320 320 320
voxelsize = 7.999954223632812e-01 7.999954223632812e-01 7.999954223632812e-01
xras   = -1.000000000000000e+00 0.000000000000000e+00 0.000000000000000e+00
yras   = 0.000000000000000e+00 0.000000000000000e+00 -1.000000000000000e+00
zras   = 0.000000000000000e+00 1.000000000000000e+00 0.000000000000000e+00
cras   = -2.019500732421875e-01 2.051089477539062e+01 4.769104003906250e+00
fscale 0.150000
