type      = 0 # LINEAR_VOX_TO_VOX
nxforms   = 1
mean      = 161.0000 118.0000 146.0000
sigma     = 10000.0000
1 4 4
9.995943307876587e-01 2.278695628046989e-02 -1.741172373294830e-02 -1.046600341796875e+00 
-2.209871448576450e-02 9.990103840827942e-01 3.874709457159042e-02 -4.700248718261719e+01 
1.827731914818287e-02 -3.834637999534607e-02 9.991031885147095e-01 -1.463018798828125e+01 
0.000000000000000e+00 0.000000000000000e+00 0.000000000000000e+00 1.000000000000000e+00 
src volume info
valid = 1  # volume info valid
filename = /localscratch/bpinsard.41537173.0/freesurfer_template_autoreconall_sub01.job/sub-01/mri/norm_template.mgz
volume = 320 320 320
voxelsize = 8.000000119209290e-01 8.000000119209290e-01 8.000000119209290e-01
xras   = -1.000000000000000e+00 4.986808188611747e-10 -8.315380328749455e-11
yras   = 8.315380328749455e-11 -7.979727989493313e-17 -1.000000000000000e+00
zras   = 4.986808743723259e-10 1.000000000000000e+00 -5.350537721215964e-17
cras   = 9.673804044723511e-01 7.268080711364746e+00 2.035050201416016e+01
dst volume info
valid = 1  # volume info valid
filename = /localscratch/bpinsard.41537173.0/freesurfer_template_autoreconall_sub01.job/sub-01_ses-002/mri/norm.mgz
volume = 320 320 320
voxelsize = 7.999954223632812e-01 7.999954223632812e-01 7.999954223632812e-01
xras   = -1.000000000000000e+00 0.000000000000000e+00 0.000000000000000e+00
yras   = 0.000000000000000e+00 0.000000000000000e+00 -1.000000000000000e+00
zras   = 0.000000000000000e+00 1.000000000000000e+00 0.000000000000000e+00
cras   = 1.605278015136719e+00 2.593258666992188e+01 -1.149597167968750e+01
fscale 0.150000
