type      = 0 # LINEAR_VOX_TO_VOX
nxforms   = 1
mean      = 157.0000 122.0000 137.0000
sigma     = 10000.0000
1 4 4
9.998967051506042e-01 1.448235753923655e-02 -1.092956284992397e-03 -6.764404296875000e+00 
-1.448439434170723e-02 9.998956918716431e-01 -1.879694173112512e-03 -3.598648071289062e+01 
1.065626740455627e-03 1.895327004604042e-03 9.999998211860657e-01 -2.829784393310547e+01 
0.000000000000000e+00 0.000000000000000e+00 0.000000000000000e+00 1.000000000000000e+00 
src volume info
valid = 1  # volume info valid
filename = /localscratch/bpinsard.41537173.0/freesurfer_template_autoreconall_sub01.job/sub-01/mri/norm_template.mgz
volume = 320 320 320
voxelsize = 8.000000119209290e-01 8.000000119209290e-01 8.000000119209290e-01
xras   = -1.000000000000000e+00 4.986808188611747e-10 -8.315380328749455e-11
yras   = 8.315380328749455e-11 -7.979727989493313e-17 -1.000000000000000e+00
zras   = 4.986808743723259e-10 1.000000000000000e+00 -5.350537721215964e-17
cras   = 9.673804044723511e-01 7.268080711364746e+00 2.035050201416016e+01
dst volume info
valid = 1  # volume info valid
filename = /localscratch/bpinsard.41537173.0/freesurfer_template_autoreconall_sub01.job/sub-01_ses-007/mri/norm.mgz
volume = 320 320 320
voxelsize = 7.999982237815857e-01 7.999982237815857e-01 7.999982237815857e-01
xras   = -1.000000000000000e+00 -9.313246174258438e-09 0.000000000000000e+00
yras   = 0.000000000000000e+00 0.000000000000000e+00 -1.000000000000000e+00
zras   = 0.000000000000000e+00 1.000000000000000e+00 0.000000000000000e+00
cras   = -2.688957214355469e+00 3.138837432861328e+01 -1.571283721923828e+01
fscale 0.150000
