type      = 0 # LINEAR_VOX_TO_VOX
nxforms   = 1
mean      = 162.0000 107.0000 149.0000
sigma     = 10000.0000
1 4 4
9.996932148933411e-01 -2.427711151540279e-02 5.712475627660751e-03 3.587432861328125e+00 
2.417750284075737e-02 9.995687603950500e-01 1.690399646759033e-02 -5.994557189941406e+01 
-6.120373029261827e-03 -1.676063425838947e-02 9.998450875282288e-01 -1.181556701660156e+01 
0.000000000000000e+00 0.000000000000000e+00 0.000000000000000e+00 1.000000000000000e+00 
src volume info
valid = 1  # volume info valid
filename = /localscratch/bpinsard.41537173.0/freesurfer_template_autoreconall_sub01.job/sub-01/mri/norm_template.mgz
volume = 320 320 320
voxelsize = 8.000000119209290e-01 8.000000119209290e-01 8.000000119209290e-01
xras   = -1.000000000000000e+00 4.986808188611747e-10 -8.315380328749455e-11
yras   = 8.315380328749455e-11 -7.979727989493313e-17 -1.000000000000000e+00
zras   = 4.986808743723259e-10 1.000000000000000e+00 -5.350537721215964e-17
cras   = 9.673804044723511e-01 7.268080711364746e+00 2.035050201416016e+01
dst volume info
valid = 1  # volume info valid
filename = /localscratch/bpinsard.41537173.0/freesurfer_template_autoreconall_sub01.job/sub-01_ses-012/mri/norm.mgz
volume = 320 320 320
voxelsize = 7.999967336654663e-01 7.999967336654663e-01 7.999967336654663e-01
xras   = -9.999998211860657e-01 9.313263937826832e-09 0.000000000000000e+00
yras   = 0.000000000000000e+00 0.000000000000000e+00 -1.000000119209290e+00
zras   = 4.656631968913416e-09 9.999998211860657e-01 0.000000000000000e+00
cras   = 2.168014526367188e+00 2.233670806884766e+01 -1.390563201904297e+01
fscale 0.150000
