# transform file /localscratch/bpinsard.41537173.0/freesurfer_template_autoreconall_sub01.job/sub-01/mri/transforms/sub-01_ses-010_to_sub-01.lta
# created by bpinsard on Thu Oct 12 14:44:25 2023

type      = 1 # LINEAR_RAS_TO_RAS
nxforms   = 1
mean      = 155.0000 140.0000 132.0000
sigma     = 10000.0000
1 4 4
9.961811900138855e-01 -8.686413615942001e-02 8.801009505987167e-03 8.374023437500000e-02 
8.676411956548691e-02 9.961661696434021e-01 1.117316912859678e-02 3.236427307128906e+01 
-9.737815707921982e-03 -1.036688778549433e-02 9.998987317085266e-01 1.359043884277344e+01 
0.000000000000000e+00 0.000000000000000e+00 0.000000000000000e+00 1.000000000000000e+00 
src volume info
valid = 1  # volume info valid
filename = /localscratch/bpinsard.41537173.0/freesurfer_template_autoreconall_sub01.job/sub-01_ses-010/mri/norm.mgz
volume = 300 300 300
voxelsize = 8.000000119209290e-01 8.000000119209290e-01 8.000000119209290e-01
xras   = -9.999999403953552e-01 -9.495124686509371e-09 -2.328306436538696e-09
yras   = 0.000000000000000e+00 0.000000000000000e+00 -1.000000000000000e+00
zras   = -4.481535142986104e-09 1.000000000000000e+00 0.000000000000000e+00
cras   = 1.928016662597656e+00 -6.287849426269531e+00 -4.108718872070312e+00
dst volume info
valid = 1  # volume info valid
filename = /localscratch/bpinsard.41537173.0/freesurfer_template_autoreconall_sub01.job/sub-01/mri/norm_template.mgz
volume = 320 320 320
voxelsize = 8.000000119209290e-01 8.000000119209290e-01 8.000000119209290e-01
xras   = -1.000000000000000e+00 4.986808188611747e-10 -8.315380328749455e-11
yras   = 8.315380328749455e-11 -7.979727989493313e-17 -1.000000000000000e+00
zras   = 4.986808743723259e-10 1.000000000000000e+00 -5.350537721215964e-17
cras   = 9.673804044723511e-01 7.268080711364746e+00 2.035050201416016e+01
