# transform file /localscratch/bpinsard.41537173.0/freesurfer_template_autoreconall_sub01.job/sub-01/mri/transforms/sub-01_ses-013_to_sub-01.lta
# created by bpinsard on Thu Oct 12 14:44:25 2023

type      = 1 # LINEAR_RAS_TO_RAS
nxforms   = 1
mean      = 162.0000 115.0000 153.0000
sigma     = 10000.0000
1 4 4
9.987220168113708e-01 3.858240693807602e-02 3.264960274100304e-02 -1.432754516601562e+00 
-3.828068077564240e-02 9.992186427116394e-01 -9.816600941121578e-03 -1.452110290527344e+00 
-3.300283849239349e-02 8.554207161068916e-03 9.994186758995056e-01 -2.475906372070312e+00 
0.000000000000000e+00 0.000000000000000e+00 0.000000000000000e+00 1.000000000000000e+00 
src volume info
valid = 1  # volume info valid
filename = /localscratch/bpinsard.41537173.0/freesurfer_template_autoreconall_sub01.job/sub-01_ses-013/mri/norm.mgz
volume = 320 320 320
voxelsize = 7.999954223632812e-01 7.999954223632812e-01 7.999954223632812e-01
xras   = -1.000000000000000e+00 0.000000000000000e+00 0.000000000000000e+00
yras   = 0.000000000000000e+00 0.000000000000000e+00 -1.000000000000000e+00
zras   = 0.000000000000000e+00 1.000000000000000e+00 0.000000000000000e+00
cras   = 2.207687377929688e+00 1.749883270263672e+01 -1.390560913085938e+01
dst volume info
valid = 1  # volume info valid
filename = /localscratch/bpinsard.41537173.0/freesurfer_template_autoreconall_sub01.job/sub-01/mri/norm_template.mgz
volume = 320 320 320
voxelsize = 8.000000119209290e-01 8.000000119209290e-01 8.000000119209290e-01
xras   = -1.000000000000000e+00 4.986808188611747e-10 -8.315380328749455e-11
yras   = 8.315380328749455e-11 -7.979727989493313e-17 -1.000000000000000e+00
zras   = 4.986808743723259e-10 1.000000000000000e+00 -5.350537721215964e-17
cras   = 9.673804044723511e-01 7.268080711364746e+00 2.035050201416016e+01
