# transform file /localscratch/bpinsard.41537173.0/freesurfer_template_autoreconall_sub01.job/sub-01/mri/transforms/sub-01_ses-009_to_sub-01.lta
# created by bpinsard on Thu Oct 12 14:44:25 2023

type      = 1 # LINEAR_RAS_TO_RAS
nxforms   = 1
mean      = 162.0000 124.0000 145.0000
sigma     = 10000.0000
1 4 4
9.999501109123230e-01 3.770533017814159e-03 9.253147058188915e-03 -3.106231689453125e-01 
-3.514581359922886e-03 9.996151328086853e-01 -2.752317860722542e-02 -2.608039855957031e+00 
-9.353361092507839e-03 2.748928405344486e-02 9.995784163475037e-01 3.415649414062500e+00 
0.000000000000000e+00 0.000000000000000e+00 0.000000000000000e+00 1.000000000000000e+00 
src volume info
valid = 1  # volume info valid
filename = /localscratch/bpinsard.41537173.0/freesurfer_template_autoreconall_sub01.job/sub-01_ses-009/mri/norm.mgz
volume = 320 320 320
voxelsize = 7.999984025955200e-01 7.999984025955200e-01 7.999984025955200e-01
xras   = -1.000000119209290e+00 4.656622198950799e-09 0.000000000000000e+00
yras   = 0.000000000000000e+00 0.000000000000000e+00 -1.000000119209290e+00
zras   = 0.000000000000000e+00 1.000000119209290e+00 0.000000000000000e+00
cras   = 2.150627136230469e+00 2.595856475830078e+01 -1.330319213867188e+01
dst volume info
valid = 1  # volume info valid
filename = /localscratch/bpinsard.41537173.0/freesurfer_template_autoreconall_sub01.job/sub-01/mri/norm_template.mgz
volume = 320 320 320
voxelsize = 8.000000119209290e-01 8.000000119209290e-01 8.000000119209290e-01
xras   = -1.000000000000000e+00 4.986808188611747e-10 -8.315380328749455e-11
yras   = 8.315380328749455e-11 -7.979727989493313e-17 -1.000000000000000e+00
zras   = 4.986808743723259e-10 1.000000000000000e+00 -5.350537721215964e-17
cras   = 9.673804044723511e-01 7.268080711364746e+00 2.035050201416016e+01
