# transform file /localscratch/bpinsard.41537173.0/freesurfer_template_autoreconall_sub01.job/sub-01/mri/transforms/sub-01_ses-003_to_sub-01.lta
# created by bpinsard on Thu Oct 12 14:44:25 2023

type      = 1 # LINEAR_RAS_TO_RAS
nxforms   = 1
mean      = 161.0000 113.0000 146.0000
sigma     = 10000.0000
1 4 4
9.998039603233337e-01 -7.525633089244366e-03 -1.831625960767269e-02 3.778381347656250e-01 
5.778313614428043e-03 9.955887198448181e-01 -9.364653378725052e-02 -1.406906127929688e+00 
1.894021034240723e-02 9.352234005928040e-02 9.954371452331543e-01 -4.556106567382812e+00 
0.000000000000000e+00 0.000000000000000e+00 0.000000000000000e+00 1.000000000000000e+00 
src volume info
valid = 1  # volume info valid
filename = /localscratch/bpinsard.41537173.0/freesurfer_template_autoreconall_sub01.job/sub-01_ses-003/mri/norm.mgz
volume = 320 320 320
voxelsize = 7.999954223632812e-01 7.999954223632812e-01 7.999954223632812e-01
xras   = -1.000000000000000e+00 0.000000000000000e+00 0.000000000000000e+00
yras   = 0.000000000000000e+00 0.000000000000000e+00 -1.000000000000000e+00
zras   = 0.000000000000000e+00 1.000000000000000e+00 0.000000000000000e+00
cras   = 1.002868652343750e+00 2.533016967773438e+01 -1.390560913085938e+01
dst volume info
valid = 1  # volume info valid
filename = /localscratch/bpinsard.41537173.0/freesurfer_template_autoreconall_sub01.job/sub-01/mri/norm_template.mgz
volume = 320 320 320
voxelsize = 8.000000119209290e-01 8.000000119209290e-01 8.000000119209290e-01
xras   = -1.000000000000000e+00 4.986808188611747e-10 -8.315380328749455e-11
yras   = 8.315380328749455e-11 -7.979727989493313e-17 -1.000000000000000e+00
zras   = 4.986808743723259e-10 1.000000000000000e+00 -5.350537721215964e-17
cras   = 9.673804044723511e-01 7.268080711364746e+00 2.035050201416016e+01
