type      = 0 # LINEAR_VOX_TO_VOX
nxforms   = 1
mean      = 160.0000 124.0000 144.0000
sigma     = 10000.0000
1 4 4
9.991456866264343e-01 -3.020480647683144e-02 2.820697799324989e-02 3.321838378906250e-02 
3.109515272080898e-02 9.990144968032837e-01 -3.167865425348282e-02 -3.749291992187500e+01 
-2.722231298685074e-02 3.252869099378586e-02 9.991001486778259e-01 -2.180542755126953e+01 
0.000000000000000e+00 0.000000000000000e+00 0.000000000000000e+00 1.000000000000000e+00 
src volume info
valid = 1  # volume info valid
filename = /localscratch/bpinsard.41537173.0/freesurfer_template_autoreconall_sub01.job/sub-01/mri/norm_template.mgz
volume = 320 320 320
voxelsize = 8.000000119209290e-01 8.000000119209290e-01 8.000000119209290e-01
xras   = -1.000000000000000e+00 4.986808188611747e-10 -8.315380328749455e-11
yras   = 8.315380328749455e-11 -7.979727989493313e-17 -1.000000000000000e+00
zras   = 4.986808743723259e-10 1.000000000000000e+00 -5.350537721215964e-17
cras   = 9.673804044723511e-01 7.268080711364746e+00 2.035050201416016e+01
dst volume info
valid = 1  # volume info valid
filename = /localscratch/bpinsard.41537173.0/freesurfer_template_autoreconall_sub01.job/sub-01_ses-011/mri/norm.mgz
volume = 320 320 320
voxelsize = 8.000000119209290e-01 8.000000119209290e-01 8.000000119209290e-01
xras   = -1.000000000000000e+00 0.000000000000000e+00 0.000000000000000e+00
yras   = 0.000000000000000e+00 0.000000000000000e+00 -1.000000000000000e+00
zras   = 1.862645149230957e-08 9.999999403953552e-01 0.000000000000000e+00
cras   = -2.958755493164062e-01 2.597267150878906e+01 -1.390560913085938e+01
fscale 0.150000
