# transform file /localscratch/bpinsard.41537173.0/freesurfer_template_autoreconall_sub01.job/sub-01/mri/transforms/sub-01_ses-007_to_sub-01.lta
# created by bpinsard on Thu Oct 12 14:44:25 2023

type      = 1 # LINEAR_RAS_TO_RAS
nxforms   = 1
mean      = 157.0000 122.0000 137.0000
sigma     = 10000.0000
1 4 4
9.998945593833923e-01 -1.065614633262157e-03 -1.448436081409454e-02 1.752014160156250e-01 
1.092953491024673e-03 9.999976158142090e-01 1.879689865745604e-03 -1.890678405761719e+00 
1.448232401162386e-02 -1.895322347991168e-03 9.998931884765625e-01 5.170364379882812e+00 
0.000000000000000e+00 0.000000000000000e+00 0.000000000000000e+00 1.000000000000000e+00 
src volume info
valid = 1  # volume info valid
filename = /localscratch/bpinsard.41537173.0/freesurfer_template_autoreconall_sub01.job/sub-01_ses-007/mri/norm.mgz
volume = 320 320 320
voxelsize = 7.999982237815857e-01 7.999982237815857e-01 7.999982237815857e-01
xras   = -1.000000000000000e+00 -9.313246174258438e-09 0.000000000000000e+00
yras   = 0.000000000000000e+00 0.000000000000000e+00 -1.000000000000000e+00
zras   = 0.000000000000000e+00 1.000000000000000e+00 0.000000000000000e+00
cras   = -2.688957214355469e+00 3.138837432861328e+01 -1.571283721923828e+01
dst volume info
valid = 1  # volume info valid
filename = /localscratch/bpinsard.41537173.0/freesurfer_template_autoreconall_sub01.job/sub-01/mri/norm_template.mgz
volume = 320 320 320
voxelsize = 8.000000119209290e-01 8.000000119209290e-01 8.000000119209290e-01
xras   = -1.000000000000000e+00 4.986808188611747e-10 -8.315380328749455e-11
yras   = 8.315380328749455e-11 -7.979727989493313e-17 -1.000000000000000e+00
zras   = 4.986808743723259e-10 1.000000000000000e+00 -5.350537721215964e-17
cras   = 9.673804044723511e-01 7.268080711364746e+00 2.035050201416016e+01
