type      = 0 # LINEAR_VOX_TO_VOX
nxforms   = 1
mean      = 161.0000 132.0000 140.0000
sigma     = 10000.0000
1 4 4
9.999502301216125e-01 -7.940944284200668e-03 -6.911908276379108e-03 1.907638549804688e+00 
8.159622550010681e-03 9.994536638259888e-01 3.220700845122337e-02 -3.739591979980469e+01 
6.652337964624166e-03 -3.226162493228912e-02 9.994630217552185e-01 -1.921380615234375e+01 
0.000000000000000e+00 0.000000000000000e+00 0.000000000000000e+00 1.000000000000000e+00 
src volume info
valid = 1  # volume info valid
filename = /localscratch/bpinsard.41537173.0/freesurfer_template_autoreconall_sub01.job/sub-01/mri/norm_template.mgz
volume = 320 320 320
voxelsize = 8.000000119209290e-01 8.000000119209290e-01 8.000000119209290e-01
xras   = -1.000000000000000e+00 4.986808188611747e-10 -8.315380328749455e-11
yras   = 8.315380328749455e-11 -7.979727989493313e-17 -1.000000000000000e+00
zras   = 4.986808743723259e-10 1.000000000000000e+00 -5.350537721215964e-17
cras   = 9.673804044723511e-01 7.268080711364746e+00 2.035050201416016e+01
dst volume info
valid = 1  # volume info valid
filename = /localscratch/bpinsard.41537173.0/freesurfer_template_autoreconall_sub01.job/sub-01_ses-001/mri/norm.mgz
volume = 320 320 320
voxelsize = 7.999954223632812e-01 7.999954223632812e-01 7.999954223632812e-01
xras   = -1.000000000000000e+00 0.000000000000000e+00 0.000000000000000e+00
yras   = 0.000000000000000e+00 0.000000000000000e+00 -1.000000000000000e+00
zras   = 0.000000000000000e+00 1.000000000000000e+00 0.000000000000000e+00
cras   = -2.019500732421875e-01 2.981727600097656e+01 -2.955261230468750e+00
fscale 0.150000
