type      = 0 # LINEAR_VOX_TO_VOX
nxforms   = 1
mean      = 158.0000 131.0000 146.0000
sigma     = 10000.0000
1 4 4
9.999742507934570e-01 -4.565601237118244e-03 6.396368145942688e-03 -1.663146972656250e+00 
4.487825557589531e-03 9.999215602874756e-01 1.212144363671541e-02 -3.746717834472656e+01 
-6.451168097555637e-03 -1.209236495196819e-02 9.999112486839294e-01 -1.679002380371094e+01 
0.000000000000000e+00 0.000000000000000e+00 0.000000000000000e+00 1.000000119209290e+00 
src volume info
valid = 1  # volume info valid
filename = /localscratch/bpinsard.41510480.0/freesurfer_template_autoreconall_sub03.job/sub-03/mri/norm_template.mgz
volume = 320 320 320
voxelsize = 8.000000119209290e-01 8.000000119209290e-01 8.000000119209290e-01
xras   = -1.000000000000000e+00 2.714660440883421e-10 1.552212663957775e-10
yras   = -1.552212663957775e-10 -1.212514897513950e-12 -1.000000000000000e+00
zras   = 2.714660163327665e-10 1.000000000000000e+00 -1.212756674598414e-12
cras   = 1.456940054893494e+00 4.725877285003662e+00 2.022341346740723e+01
dst volume info
valid = 1  # volume info valid
filename = /localscratch/bpinsard.41510480.0/freesurfer_template_autoreconall_sub03.job/sub-03_ses-014/mri/norm.mgz
volume = 320 320 320
voxelsize = 7.999960780143738e-01 7.999960780143738e-01 7.999960780143738e-01
xras   = -1.000000000000000e+00 -3.557847128021763e-09 1.164158880406774e-09
yras   = 0.000000000000000e+00 -3.637996501271168e-11 -1.000000000000000e+00
zras   = 3.558983996398979e-09 9.999999403953552e-01 0.000000000000000e+00
cras   = 1.575408935546875e+00 2.052926635742188e+01 1.752670288085938e+00
fscale 0.150000
