# transform file /localscratch/bpinsard.41510480.0/freesurfer_template_autoreconall_sub03.job/sub-03/mri/transforms/sub-03_ses-014_to_sub-03.lta
# created by bpinsard on Wed Oct 11 19:49:30 2023

type      = 1 # LINEAR_RAS_TO_RAS
nxforms   = 1
mean      = 158.0000 131.0000 146.0000
sigma     = 10000.0000
1 4 4
9.999688267707825e-01 6.451136432588100e-03 4.487801343202591e-03 -1.381179809570312e+00 
-6.396329961717129e-03 9.999058842658997e-01 -1.212137937545776e-02 3.899841308593750e-01 
-4.565575625747442e-03 1.209229975938797e-02 9.999161958694458e-01 -9.429229736328125e+00 
0.000000000000000e+00 0.000000000000000e+00 0.000000000000000e+00 9.999997615814209e-01 
src volume info
valid = 1  # volume info valid
filename = /localscratch/bpinsard.41510480.0/freesurfer_template_autoreconall_sub03.job/sub-03_ses-014/mri/norm.mgz
volume = 320 320 320
voxelsize = 7.999960780143738e-01 7.999960780143738e-01 7.999960780143738e-01
xras   = -1.000000000000000e+00 -3.557847128021763e-09 1.164158880406774e-09
yras   = 0.000000000000000e+00 -3.637996501271168e-11 -1.000000000000000e+00
zras   = 3.558983996398979e-09 9.999999403953552e-01 0.000000000000000e+00
cras   = 1.575408935546875e+00 2.052926635742188e+01 1.752670288085938e+00
dst volume info
valid = 1  # volume info valid
filename = /localscratch/bpinsard.41510480.0/freesurfer_template_autoreconall_sub03.job/sub-03/mri/norm_template.mgz
volume = 320 320 320
voxelsize = 8.000000119209290e-01 8.000000119209290e-01 8.000000119209290e-01
xras   = -1.000000000000000e+00 2.714660440883421e-10 1.552212663957775e-10
yras   = -1.552212663957775e-10 -1.212514897513950e-12 -1.000000000000000e+00
zras   = 2.714660163327665e-10 1.000000000000000e+00 -1.212756674598414e-12
cras   = 1.456940054893494e+00 4.725877285003662e+00 2.022341346740723e+01
