type      = 0 # LINEAR_VOX_TO_VOX
nxforms   = 1
mean      = 161.0000 116.0000 140.0000
sigma     = 10000.0000
1 4 4
9.999137520790100e-01 1.053457986563444e-02 8.135622367262840e-03 -1.902343750000000e+00 
-1.072727330029011e-02 9.996564388275146e-01 2.401672862470150e-02 -5.120884704589844e+01 
-7.879792712628841e-03 -2.410187758505344e-02 9.996810555458069e-01 -2.092148590087891e+01 
0.000000000000000e+00 0.000000000000000e+00 0.000000000000000e+00 1.000000000000000e+00 
src volume info
valid = 1  # volume info valid
filename = /localscratch/bpinsard.41510480.0/freesurfer_template_autoreconall_sub03.job/sub-03/mri/norm_template.mgz
volume = 320 320 320
voxelsize = 8.000000119209290e-01 8.000000119209290e-01 8.000000119209290e-01
xras   = -1.000000000000000e+00 2.714660440883421e-10 1.552212663957775e-10
yras   = -1.552212663957775e-10 -1.212514897513950e-12 -1.000000000000000e+00
zras   = 2.714660163327665e-10 1.000000000000000e+00 -1.212756674598414e-12
cras   = 1.456940054893494e+00 4.725877285003662e+00 2.022341346740723e+01
dst volume info
valid = 1  # volume info valid
filename = /localscratch/bpinsard.41510480.0/freesurfer_template_autoreconall_sub03.job/sub-03_ses-011/mri/norm.mgz
volume = 320 320 320
voxelsize = 7.999979257583618e-01 7.999979257583618e-01 7.999979257583618e-01
xras   = -1.000000000000000e+00 0.000000000000000e+00 0.000000000000000e+00
yras   = 0.000000000000000e+00 0.000000000000000e+00 -1.000000000000000e+00
zras   = 9.313249726972117e-09 9.999999403953552e-01 0.000000000000000e+00
cras   = 2.398635864257812e+00 2.595182037353516e+01 -1.390560913085938e+01
fscale 0.150000
