type      = 0 # LINEAR_VOX_TO_VOX
nxforms   = 1
mean      = 160.0000 128.0000 145.0000
sigma     = 10000.0000
1 4 4
9.996786713600159e-01 1.333120558410883e-02 2.181615866720676e-02 -5.551559448242188e+00 
-1.369797904044390e-02 9.997711777687073e-01 1.675004139542580e-02 -3.761361694335938e+01 
-2.158775180578232e-02 -1.704340428113937e-02 9.996271729469299e-01 -1.540643310546875e+01 
0.000000000000000e+00 0.000000000000000e+00 0.000000000000000e+00 1.000000000000000e+00 
src volume info
valid = 1  # volume info valid
filename = /localscratch/bpinsard.41510480.0/freesurfer_template_autoreconall_sub03.job/sub-03/mri/norm_template.mgz
volume = 320 320 320
voxelsize = 8.000000119209290e-01 8.000000119209290e-01 8.000000119209290e-01
xras   = -1.000000000000000e+00 2.714660440883421e-10 1.552212663957775e-10
yras   = -1.552212663957775e-10 -1.212514897513950e-12 -1.000000000000000e+00
zras   = 2.714660163327665e-10 1.000000000000000e+00 -1.212756674598414e-12
cras   = 1.456940054893494e+00 4.725877285003662e+00 2.022341346740723e+01
dst volume info
valid = 1  # volume info valid
filename = /localscratch/bpinsard.41510480.0/freesurfer_template_autoreconall_sub03.job/sub-03_ses-009/mri/norm.mgz
volume = 320 320 320
voxelsize = 7.999956607818604e-01 7.999956607818604e-01 7.999956607818604e-01
xras   = -1.000000000000000e+00 -7.230522292012154e-10 0.000000000000000e+00
yras   = -2.328319093081177e-09 0.000000000000000e+00 -1.000000119209290e+00
zras   = 7.162309634267672e-10 1.000000000000000e+00 0.000000000000000e+00
cras   = 1.587692260742188e+00 2.233779144287109e+01 -1.753528594970703e+01
fscale 0.150000
