type      = 0 # LINEAR_VOX_TO_VOX
nxforms   = 1
mean      = 162.0000 130.0000 149.0000
sigma     = 10000.0000
1 4 4
9.999151825904846e-01 1.049213856458664e-02 -8.434908464550972e-03 1.413864135742188e+00 
-1.020111236721277e-02 9.993812441825867e-01 3.383499011397362e-02 -3.914483642578125e+01 
8.784639649093151e-03 -3.374587744474411e-02 9.993976950645447e-01 -1.337220764160156e+01 
0.000000000000000e+00 0.000000000000000e+00 0.000000000000000e+00 1.000000000000000e+00 
src volume info
valid = 1  # volume info valid
filename = /localscratch/bpinsard.41510480.0/freesurfer_template_autoreconall_sub03.job/sub-03/mri/norm_template.mgz
volume = 320 320 320
voxelsize = 8.000000119209290e-01 8.000000119209290e-01 8.000000119209290e-01
xras   = -1.000000000000000e+00 2.714660440883421e-10 1.552212663957775e-10
yras   = -1.552212663957775e-10 -1.212514897513950e-12 -1.000000000000000e+00
zras   = 2.714660163327665e-10 1.000000000000000e+00 -1.212756674598414e-12
cras   = 1.456940054893494e+00 4.725877285003662e+00 2.022341346740723e+01
dst volume info
valid = 1  # volume info valid
filename = /localscratch/bpinsard.41510480.0/freesurfer_template_autoreconall_sub03.job/sub-03_ses-010/mri/norm.mgz
volume = 320 320 320
voxelsize = 7.999954223632812e-01 7.999954223632812e-01 7.999954223632812e-01
xras   = -1.000000000000000e+00 0.000000000000000e+00 0.000000000000000e+00
yras   = 0.000000000000000e+00 0.000000000000000e+00 -1.000000000000000e+00
zras   = 0.000000000000000e+00 1.000000000000000e+00 0.000000000000000e+00
cras   = 2.810096740722656e+00 1.870365905761719e+01 -1.450801086425781e+01
fscale 0.150000
