type      = 0 # LINEAR_VOX_TO_VOX
nxforms   = 1
mean      = 159.0000 122.0000 140.0000
sigma     = 10000.0000
1 4 4
9.999763965606689e-01 -3.357739653438330e-03 6.922656670212746e-03 -6.799621582031250e-01 
3.230639034882188e-03 9.998335242271423e-01 1.829003542661667e-02 -4.650428771972656e+01 
-6.982874590903521e-03 -1.826713234186172e-02 9.998147487640381e-01 -2.179453277587891e+01 
0.000000000000000e+00 0.000000000000000e+00 0.000000000000000e+00 1.000000000000000e+00 
src volume info
valid = 1  # volume info valid
filename = /localscratch/bpinsard.41510480.0/freesurfer_template_autoreconall_sub03.job/sub-03/mri/norm_template.mgz
volume = 320 320 320
voxelsize = 8.000000119209290e-01 8.000000119209290e-01 8.000000119209290e-01
xras   = -1.000000000000000e+00 2.714660440883421e-10 1.552212663957775e-10
yras   = -1.552212663957775e-10 -1.212514897513950e-12 -1.000000000000000e+00
zras   = 2.714660163327665e-10 1.000000000000000e+00 -1.212756674598414e-12
cras   = 1.456940054893494e+00 4.725877285003662e+00 2.022341346740723e+01
dst volume info
valid = 1  # volume info valid
filename = /localscratch/bpinsard.41510480.0/freesurfer_template_autoreconall_sub03.job/sub-03_ses-013/mri/norm.mgz
volume = 320 320 320
voxelsize = 7.999951839447021e-01 7.999951839447021e-01 7.999951839447021e-01
xras   = -1.000000000000000e+00 0.000000000000000e+00 0.000000000000000e+00
yras   = -1.164160212674403e-09 0.000000000000000e+00 -1.000000119209290e+00
zras   = 0.000000000000000e+00 1.000000000000000e+00 0.000000000000000e+00
cras   = 1.619216918945312e+00 2.593258666992188e+01 -1.391272735595703e+01
fscale 0.150000
