# transform file /localscratch/bpinsard.41510480.0/freesurfer_template_autoreconall_sub03.job/sub-03/mri/transforms/sub-03_ses-009_to_sub-03.lta
# created by bpinsard on Wed Oct 11 19:49:30 2023

type      = 1 # LINEAR_RAS_TO_RAS
nxforms   = 1
mean      = 160.0000 128.0000 145.0000
sigma     = 10000.0000
1 4 4
9.996728897094727e-01 2.158763073384762e-02 -1.369790732860565e-02 -5.513000488281250e-02 
-2.181603200733662e-02 9.996215701103210e-01 -1.674995385110378e-02 -5.391693115234375e-02 
1.333113014698029e-02 1.704331114888191e-02 9.997658729553223e-01 7.925689697265625e+00 
0.000000000000000e+00 0.000000000000000e+00 0.000000000000000e+00 1.000000000000000e+00 
src volume info
valid = 1  # volume info valid
filename = /localscratch/bpinsard.41510480.0/freesurfer_template_autoreconall_sub03.job/sub-03_ses-009/mri/norm.mgz
volume = 320 320 320
voxelsize = 7.999956607818604e-01 7.999956607818604e-01 7.999956607818604e-01
xras   = -1.000000000000000e+00 -7.230522292012154e-10 0.000000000000000e+00
yras   = -2.328319093081177e-09 0.000000000000000e+00 -1.000000119209290e+00
zras   = 7.162309634267672e-10 1.000000000000000e+00 0.000000000000000e+00
cras   = 1.587692260742188e+00 2.233779144287109e+01 -1.753528594970703e+01
dst volume info
valid = 1  # volume info valid
filename = /localscratch/bpinsard.41510480.0/freesurfer_template_autoreconall_sub03.job/sub-03/mri/norm_template.mgz
volume = 320 320 320
voxelsize = 8.000000119209290e-01 8.000000119209290e-01 8.000000119209290e-01
xras   = -1.000000000000000e+00 2.714660440883421e-10 1.552212663957775e-10
yras   = -1.552212663957775e-10 -1.212514897513950e-12 -1.000000000000000e+00
zras   = 2.714660163327665e-10 1.000000000000000e+00 -1.212756674598414e-12
cras   = 1.456940054893494e+00 4.725877285003662e+00 2.022341346740723e+01
