type      = 0 # LINEAR_VOX_TO_VOX
nxforms   = 1
mean      = 157.0000 135.0000 140.0000
sigma     = 10000.0000
1 4 4
9.999764561653137e-01 -7.346339989453554e-03 -2.187926089391112e-03 -9.509124755859375e-01 
7.415503263473511e-03 9.994173645973206e-01 3.348719328641891e-02 -3.626145935058594e+01 
1.940632006153464e-03 -3.350242972373962e-02 9.994427561759949e-01 -2.148919677734375e+01 
0.000000000000000e+00 0.000000000000000e+00 0.000000000000000e+00 1.000000000000000e+00 
src volume info
valid = 1  # volume info valid
filename = /localscratch/bpinsard.41510480.0/freesurfer_template_autoreconall_sub03.job/sub-03/mri/norm_template.mgz
volume = 320 320 320
voxelsize = 8.000000119209290e-01 8.000000119209290e-01 8.000000119209290e-01
xras   = -1.000000000000000e+00 2.714660440883421e-10 1.552212663957775e-10
yras   = -1.552212663957775e-10 -1.212514897513950e-12 -1.000000000000000e+00
zras   = 2.714660163327665e-10 1.000000000000000e+00 -1.212756674598414e-12
cras   = 1.456940054893494e+00 4.725877285003662e+00 2.022341346740723e+01
dst volume info
valid = 1  # volume info valid
filename = /localscratch/bpinsard.41510480.0/freesurfer_template_autoreconall_sub03.job/sub-03_ses-007/mri/norm.mgz
volume = 320 320 320
voxelsize = 7.999954223632812e-01 7.999954223632812e-01 7.999954223632812e-01
xras   = -1.000000000000000e+00 0.000000000000000e+00 0.000000000000000e+00
yras   = 0.000000000000000e+00 0.000000000000000e+00 -1.000000000000000e+00
zras   = 0.000000000000000e+00 1.000000000000000e+00 0.000000000000000e+00
cras   = -2.019500732421875e-01 2.593258666992188e+01 -1.390560913085938e+01
fscale 0.150000
