type      = 0 # LINEAR_VOX_TO_VOX
nxforms   = 1
mean      = 159.0000 112.0000 139.0000
sigma     = 10000.0000
1 4 4
9.999404549598694e-01 -1.086880266666412e-02 5.506116431206465e-04 1.532943725585938e+00 
1.085659768432379e-02 9.997655153274536e-01 1.871346868574619e-02 -5.770834350585938e+01 
-7.538768695667386e-04 -1.870638504624367e-02 9.998244047164917e-01 -2.445980072021484e+01 
0.000000000000000e+00 0.000000000000000e+00 0.000000000000000e+00 1.000000000000000e+00 
src volume info
valid = 1  # volume info valid
filename = /localscratch/bpinsard.41510480.0/freesurfer_template_autoreconall_sub03.job/sub-03/mri/norm_template.mgz
volume = 320 320 320
voxelsize = 8.000000119209290e-01 8.000000119209290e-01 8.000000119209290e-01
xras   = -1.000000000000000e+00 2.714660440883421e-10 1.552212663957775e-10
yras   = -1.552212663957775e-10 -1.212514897513950e-12 -1.000000000000000e+00
zras   = 2.714660163327665e-10 1.000000000000000e+00 -1.212756674598414e-12
cras   = 1.456940054893494e+00 4.725877285003662e+00 2.022341346740723e+01
dst volume info
valid = 1  # volume info valid
filename = /localscratch/bpinsard.41510480.0/freesurfer_template_autoreconall_sub03.job/sub-03_ses-005/mri/norm.mgz
volume = 320 320 320
voxelsize = 8.000000119209290e-01 8.000000119209290e-01 8.000000119209290e-01
xras   = -1.000000119209290e+00 0.000000000000000e+00 0.000000000000000e+00
yras   = 0.000000000000000e+00 0.000000000000000e+00 -1.000000119209290e+00
zras   = -1.164153218269348e-09 1.000000119209290e+00 0.000000000000000e+00
cras   = 9.924240112304688e-01 2.593743896484375e+01 -1.330319976806641e+01
fscale 0.150000
