# transform file /localscratch/bpinsard.41510480.0/freesurfer_template_autoreconall_sub03.job/sub-03/mri/transforms/sub-03_ses-002_to_sub-03.lta
# created by bpinsard on Wed Oct 11 19:49:30 2023

type      = 1 # LINEAR_RAS_TO_RAS
nxforms   = 1
mean      = 160.0000 137.0000 145.0000
sigma     = 10000.0000
1 4 4
9.999825358390808e-01 -5.725440569221973e-03 1.411470468156040e-03 4.707336425781250e-01 
5.613397341221571e-03 9.975619316101074e-01 6.955998390913010e-02 -4.326934814453125e-01 
-1.806290936656296e-03 -6.955086439847946e-02 9.975768923759460e-01 3.558853149414062e+00 
0.000000000000000e+00 0.000000000000000e+00 0.000000000000000e+00 1.000000000000000e+00 
src volume info
valid = 1  # volume info valid
filename = /localscratch/bpinsard.41510480.0/freesurfer_template_autoreconall_sub03.job/sub-03_ses-002/mri/norm.mgz
volume = 320 320 320
voxelsize = 7.999954223632812e-01 7.999954223632812e-01 7.999954223632812e-01
xras   = -1.000000000000000e+00 0.000000000000000e+00 0.000000000000000e+00
yras   = 0.000000000000000e+00 0.000000000000000e+00 -1.000000000000000e+00
zras   = 0.000000000000000e+00 1.000000000000000e+00 0.000000000000000e+00
cras   = 1.605278015136719e+00 2.171570587158203e+01 -6.074279785156250e+00
dst volume info
valid = 1  # volume info valid
filename = /localscratch/bpinsard.41510480.0/freesurfer_template_autoreconall_sub03.job/sub-03/mri/norm_template.mgz
volume = 320 320 320
voxelsize = 8.000000119209290e-01 8.000000119209290e-01 8.000000119209290e-01
xras   = -1.000000000000000e+00 2.714660440883421e-10 1.552212663957775e-10
yras   = -1.552212663957775e-10 -1.212514897513950e-12 -1.000000000000000e+00
zras   = 2.714660163327665e-10 1.000000000000000e+00 -1.212756674598414e-12
cras   = 1.456940054893494e+00 4.725877285003662e+00 2.022341346740723e+01
