# transform file /localscratch/bpinsard.41510480.0/freesurfer_template_autoreconall_sub03.job/sub-03/mri/transforms/sub-03_ses-011_to_sub-03.lta
# created by bpinsard on Wed Oct 11 19:49:30 2023

type      = 1 # LINEAR_RAS_TO_RAS
nxforms   = 1
mean      = 161.0000 116.0000 140.0000
sigma     = 10000.0000
1 4 4
9.999117255210876e-01 7.879775017499924e-03 -1.072725281119347e-02 1.478118896484375e-01 
-8.135593496263027e-03 9.996786117553711e-01 -2.401667460799217e-02 2.699661254882812e-01 
1.053455471992493e-02 2.410181798040867e-02 9.996542334556580e-01 -5.310775756835938e+00 
0.000000000000000e+00 0.000000000000000e+00 0.000000000000000e+00 1.000000000000000e+00 
src volume info
valid = 1  # volume info valid
filename = /localscratch/bpinsard.41510480.0/freesurfer_template_autoreconall_sub03.job/sub-03_ses-011/mri/norm.mgz
volume = 320 320 320
voxelsize = 7.999979257583618e-01 7.999979257583618e-01 7.999979257583618e-01
xras   = -1.000000000000000e+00 0.000000000000000e+00 0.000000000000000e+00
yras   = 0.000000000000000e+00 0.000000000000000e+00 -1.000000000000000e+00
zras   = 9.313249726972117e-09 9.999999403953552e-01 0.000000000000000e+00
cras   = 2.398635864257812e+00 2.595182037353516e+01 -1.390560913085938e+01
dst volume info
valid = 1  # volume info valid
filename = /localscratch/bpinsard.41510480.0/freesurfer_template_autoreconall_sub03.job/sub-03/mri/norm_template.mgz
volume = 320 320 320
voxelsize = 8.000000119209290e-01 8.000000119209290e-01 8.000000119209290e-01
xras   = -1.000000000000000e+00 2.714660440883421e-10 1.552212663957775e-10
yras   = -1.552212663957775e-10 -1.212514897513950e-12 -1.000000000000000e+00
zras   = 2.714660163327665e-10 1.000000000000000e+00 -1.212756674598414e-12
cras   = 1.456940054893494e+00 4.725877285003662e+00 2.022341346740723e+01
