# transform file /localscratch/bpinsard.41510480.0/freesurfer_template_autoreconall_sub03.job/sub-03/mri/transforms/sub-03_ses-007_to_sub-03.lta
# created by bpinsard on Wed Oct 11 19:49:30 2023

type      = 1 # LINEAR_RAS_TO_RAS
nxforms   = 1
mean      = 157.0000 135.0000 140.0000
sigma     = 10000.0000
1 4 4
9.999706149101257e-01 -1.940620131790638e-03 7.415459956973791e-03 -3.899230957031250e-01 
2.187912585213780e-03 9.994365572929382e-01 -3.348698839545250e-02 4.274063110351562e-01 
-7.346298545598984e-03 3.350223228335381e-02 9.994117021560669e-01 1.014479064941406e+01 
0.000000000000000e+00 0.000000000000000e+00 0.000000000000000e+00 1.000000000000000e+00 
src volume info
valid = 1  # volume info valid
filename = /localscratch/bpinsard.41510480.0/freesurfer_template_autoreconall_sub03.job/sub-03_ses-007/mri/norm.mgz
volume = 320 320 320
voxelsize = 7.999954223632812e-01 7.999954223632812e-01 7.999954223632812e-01
xras   = -1.000000000000000e+00 0.000000000000000e+00 0.000000000000000e+00
yras   = 0.000000000000000e+00 0.000000000000000e+00 -1.000000000000000e+00
zras   = 0.000000000000000e+00 1.000000000000000e+00 0.000000000000000e+00
cras   = -2.019500732421875e-01 2.593258666992188e+01 -1.390560913085938e+01
dst volume info
valid = 1  # volume info valid
filename = /localscratch/bpinsard.41510480.0/freesurfer_template_autoreconall_sub03.job/sub-03/mri/norm_template.mgz
volume = 320 320 320
voxelsize = 8.000000119209290e-01 8.000000119209290e-01 8.000000119209290e-01
xras   = -1.000000000000000e+00 2.714660440883421e-10 1.552212663957775e-10
yras   = -1.552212663957775e-10 -1.212514897513950e-12 -1.000000000000000e+00
zras   = 2.714660163327665e-10 1.000000000000000e+00 -1.212756674598414e-12
cras   = 1.456940054893494e+00 4.725877285003662e+00 2.022341346740723e+01
