type      = 0 # LINEAR_VOX_TO_VOX
nxforms   = 1
mean      = 161.0000 139.0000 146.0000
sigma     = 10000.0000
1 4 4
9.999781250953674e-01 3.012201283127069e-03 -5.912986118346453e-03 1.481491088867188e+00 
-2.919025719165802e-03 9.998724460601807e-01 1.570347137749195e-02 -2.833808898925781e+01 
5.959533154964447e-03 -1.568586379289627e-02 9.998592138290405e-01 -1.836636352539062e+01 
0.000000000000000e+00 0.000000000000000e+00 0.000000000000000e+00 9.999998807907104e-01 
src volume info
valid = 1  # volume info valid
filename = /localscratch/bpinsard.41510480.0/freesurfer_template_autoreconall_sub03.job/sub-03/mri/norm_template.mgz
volume = 320 320 320
voxelsize = 8.000000119209290e-01 8.000000119209290e-01 8.000000119209290e-01
xras   = -1.000000000000000e+00 2.714660440883421e-10 1.552212663957775e-10
yras   = -1.552212663957775e-10 -1.212514897513950e-12 -1.000000000000000e+00
zras   = 2.714660163327665e-10 1.000000000000000e+00 -1.212756674598414e-12
cras   = 1.456940054893494e+00 4.725877285003662e+00 2.022341346740723e+01
dst volume info
valid = 1  # volume info valid
filename = /localscratch/bpinsard.41510480.0/freesurfer_template_autoreconall_sub03.job/sub-03_ses-015/mri/norm.mgz
volume = 320 320 320
voxelsize = 7.999999523162842e-01 7.999999523162842e-01 7.999999523162842e-01
xras   = -9.999999403953552e-01 -9.094947885091020e-12 5.820766646458253e-10
yras   = 5.820766646458253e-10 0.000000000000000e+00 -9.999999403953552e-01
zras   = 9.663382073699101e-12 1.000000000000000e+00 0.000000000000000e+00
cras   = 2.773986816406250e+00 2.173532867431641e+01 2.356910705566406e+00
fscale 0.150000
