type      = 1 # LINEAR_RAS_TO_RAS
nxforms   = 1
mean      = 0.0000 0.0000 0.0000
sigma     = 1.0000
1 4 4
1.056033015251160e+00 1.936499960720539e-02 -1.695100031793118e-02 -1.623489022254944e+00 
3.225300088524818e-02 1.019971013069153e+00 2.201929986476898e-01 -3.041114044189453e+01 
1.367700006812811e-02 -1.764200031757355e-01 1.129212021827698e+00 -1.582313537597656e+01 
0.000000000000000e+00 0.000000000000000e+00 0.000000000000000e+00 1.000000000000000e+00 
src volume info
valid = 1  # volume info valid
filename = /localscratch/bpinsard.41510480.0/freesurfer_template_autoreconall_sub03.job/sub-03/mri/orig_nu.mgz
volume = 320 320 320
voxelsize = 8.000000119209290e-01 8.000000119209290e-01 8.000000119209290e-01
xras   = -1.000000000000000e+00 2.714660440883421e-10 1.552212663957775e-10
yras   = -1.552212663957775e-10 -1.212514897513950e-12 -1.000000000000000e+00
zras   = 2.714660163327665e-10 1.000000000000000e+00 -1.212756674598414e-12
cras   = 1.456940054893494e+00 4.725877285003662e+00 2.022341346740723e+01
dst volume info
valid = 1  # volume info valid
filename = /opt/freesurfer/average/mni305.cor.mgz
volume = 256 256 256
voxelsize = 1.000000000000000e+00 1.000000000000000e+00 1.000000000000000e+00
xras   = -1.000000000000000e+00 0.000000000000000e+00 0.000000000000000e+00
yras   = 0.000000000000000e+00 0.000000000000000e+00 -1.000000000000000e+00
zras   = 0.000000000000000e+00 1.000000000000000e+00 0.000000000000000e+00
cras   = 0.000000000000000e+00 0.000000000000000e+00 0.000000000000000e+00
subject fsaverage
fscale 0.100000
