# transform file /localscratch/bpinsard.41394448.0/freesurfer_crosssectional_autorecon1smriprep_skullstripautorecon2autorecon3_sub02_ses008.job/sub-02_ses-008/mri/transforms/cc_up.lta
# created by bpinsard on Thu Oct  5 16:01:06 2023

type      = 0 # LINEAR_VOX_TO_VOX
nxforms   = 1
mean      = 158.0000 146.0000 135.0000
sigma     = 10000.0000
1 4 4
9.985164403915405e-01 2.038389444351196e-02 -5.049318447709084e-02 -2.626573562622070e+01 
-2.035788260400295e-02 9.997922778129578e-01 1.029461505822837e-03 6.119204998016357e+00 
5.050367861986160e-02 0.000000000000000e+00 9.987239241600037e-01 2.019853782653809e+01 
0.000000000000000e+00 0.000000000000000e+00 0.000000000000000e+00 1.000000000000000e+00 
src volume info
valid = 1  # volume info valid
filename = /localscratch/bpinsard.41394448.0/freesurfer_crosssectional_autorecon1smriprep_skullstripautorecon2autorecon3_sub02_ses008.job/sub-02_ses-008/mri/norm.mgz
volume = 320 320 320
voxelsize = 7.999978661537170e-01 7.999978661537170e-01 7.999978661537170e-01
xras   = -1.000000119209290e+00 -2.328312653787634e-09 0.000000000000000e+00
yras   = 0.000000000000000e+00 0.000000000000000e+00 -1.000000000000000e+00
zras   = 4.656625307575268e-09 9.999999403953552e-01 0.000000000000000e+00
cras   = 9.716186523437500e-01 2.609428405761719e+01 -1.484594726562500e+01
dst volume info
valid = 1  # volume info valid
filename = /localscratch/bpinsard.41394448.0/freesurfer_crosssectional_autorecon1smriprep_skullstripautorecon2autorecon3_sub02_ses008.job/sub-02_ses-008/mri/norm.mgz
volume = 320 320 320
voxelsize = 7.999978661537170e-01 7.999978661537170e-01 7.999978661537170e-01
xras   = -1.000000119209290e+00 -2.328312653787634e-09 0.000000000000000e+00
yras   = 0.000000000000000e+00 0.000000000000000e+00 -1.000000000000000e+00
zras   = 4.656625307575268e-09 9.999999403953552e-01 0.000000000000000e+00
cras   = 9.716186523437500e-01 2.609428405761719e+01 -1.484594726562500e+01
