# transform file transforms/talairach.lta
# created by bpinsard on Thu Oct  5 12:57:24 2023

type      = 0 # LINEAR_VOX_TO_VOX
nxforms   = 1
mean      = 159.0000 147.0000 135.0000
sigma     = 10000.0000
1 4 4
8.283107280731201e-01 2.141382358968258e-02 -2.523027174174786e-02 -4.855969905853271e+00 
-1.308794505894184e-02 7.829031348228455e-01 2.684280574321747e-01 -2.177046394348145e+01 
2.462446503341198e-02 -2.441584020853043e-01 7.156117558479309e-01 4.277765655517578e+01 
0.000000000000000e+00 0.000000000000000e+00 0.000000000000000e+00 1.000000000000000e+00 
src volume info
valid = 1  # volume info valid
filename = nu.mgz
volume = 320 320 320
voxelsize = 7.999978661537170e-01 7.999978661537170e-01 7.999978661537170e-01
xras   = -1.000000119209290e+00 -2.328312653787634e-09 0.000000000000000e+00
yras   = 0.000000000000000e+00 0.000000000000000e+00 -1.000000000000000e+00
zras   = 4.656625307575268e-09 9.999999403953552e-01 0.000000000000000e+00
cras   = 9.716186523437500e-01 2.609428405761719e+01 -1.484594726562500e+01
dst volume info
valid = 1  # volume info valid
filename = /opt/freesurfer/average/RB_all_2020-01-02.gca
volume = 256 256 256
voxelsize = 1.000000000000000e+00 1.000000000000000e+00 1.000000000000000e+00
xras   = -1.000000000000000e+00 0.000000000000000e+00 0.000000000000000e+00
yras   = 0.000000000000000e+00 0.000000000000000e+00 -1.000000000000000e+00
zras   = 0.000000000000000e+00 1.000000000000000e+00 0.000000000000000e+00
cras   = 0.000000000000000e+00 0.000000000000000e+00 0.000000000000000e+00
