type      = 1 # LINEAR_RAS_TO_RAS
nxforms   = 1
mean      = 0.0000 0.0000 0.0000
sigma     = 1.0000
1 4 4
1.063364028930664e+00 3.559514880180359e-02 1.334161125123501e-02 -1.502989053726196e+00 
-3.643288835883141e-02 9.452146887779236e-01 3.819903135299683e-01 -2.178980255126953e+01 
9.823724394664168e-04 -4.050549268722534e-01 1.002380609512329e+00 6.757919311523438e+00 
0.000000000000000e+00 0.000000000000000e+00 0.000000000000000e+00 1.000000000000000e+00 
src volume info
valid = 1  # volume info valid
filename = /localscratch/bpinsard.41394448.0/freesurfer_crosssectional_autorecon1smriprep_skullstripautorecon2autorecon3_sub02_ses008.job/sub-02_ses-008/mri/orig_nu.mgz
volume = 320 320 320
voxelsize = 7.999978661537170e-01 7.999978661537170e-01 7.999978661537170e-01
xras   = -1.000000119209290e+00 -2.328312653787634e-09 0.000000000000000e+00
yras   = 0.000000000000000e+00 0.000000000000000e+00 -1.000000000000000e+00
zras   = 4.656625307575268e-09 9.999999403953552e-01 0.000000000000000e+00
cras   = 9.716186523437500e-01 2.609428405761719e+01 -1.484594726562500e+01
dst volume info
valid = 1  # volume info valid
filename = /opt/freesurfer/mni/bin/../share/mni_autoreg/average_305.mnc
volume = 172 220 156
voxelsize = 1.000000000000000e+00 1.000000000000000e+00 1.000000000000000e+00
xras   = 1.000000000000000e+00 0.000000000000000e+00 0.000000000000000e+00
yras   = 0.000000000000000e+00 1.000000000000000e+00 0.000000000000000e+00
zras   = 0.000000000000000e+00 0.000000000000000e+00 1.000000000000000e+00
cras   = -9.499999880790710e-02 -1.651000022888184e+01 9.750000000000000e+00
subject fsaverage
fscale 0.100000
