# transform file /localscratch/bpinsard.41394446.0/freesurfer_crosssectional_autorecon1smriprep_skullstripautorecon2autorecon3_sub02_ses007.job/sub-02_ses-007/mri/transforms/cc_up.lta
# created by bpinsard on Thu Oct  5 15:52:41 2023

type      = 0 # LINEAR_VOX_TO_VOX
nxforms   = 1
mean      = 158.0000 153.0000 138.0000
sigma     = 10000.0000
1 4 4
9.993724822998047e-01 2.451723441481590e-02 -2.556474693119526e-02 -2.999911689758301e+01 
-2.450921572744846e-02 9.996993541717529e-01 6.269653677009046e-04 -1.616963386535645e+01 
2.557243220508099e-02 -5.820766091346741e-11 9.996729493141174e-01 2.501749801635742e+01 
0.000000000000000e+00 0.000000000000000e+00 0.000000000000000e+00 1.000000000000000e+00 
src volume info
valid = 1  # volume info valid
filename = /localscratch/bpinsard.41394446.0/freesurfer_crosssectional_autorecon1smriprep_skullstripautorecon2autorecon3_sub02_ses007.job/sub-02_ses-007/mri/norm.mgz
volume = 320 320 320
voxelsize = 7.999954223632812e-01 7.999954223632812e-01 7.999954223632812e-01
xras   = -1.000000000000000e+00 0.000000000000000e+00 0.000000000000000e+00
yras   = 0.000000000000000e+00 0.000000000000000e+00 -1.000000000000000e+00
zras   = 0.000000000000000e+00 1.000000000000000e+00 0.000000000000000e+00
cras   = -2.019500732421875e-01 2.593258666992188e+01 4.166687011718750e+00
dst volume info
valid = 1  # volume info valid
filename = /localscratch/bpinsard.41394446.0/freesurfer_crosssectional_autorecon1smriprep_skullstripautorecon2autorecon3_sub02_ses007.job/sub-02_ses-007/mri/norm.mgz
volume = 320 320 320
voxelsize = 7.999954223632812e-01 7.999954223632812e-01 7.999954223632812e-01
xras   = -1.000000000000000e+00 0.000000000000000e+00 0.000000000000000e+00
yras   = 0.000000000000000e+00 0.000000000000000e+00 -1.000000000000000e+00
zras   = 0.000000000000000e+00 1.000000000000000e+00 0.000000000000000e+00
cras   = -2.019500732421875e-01 2.593258666992188e+01 4.166687011718750e+00
