# transform file /localscratch/bpinsard.41396450.0/freesurfer_crosssectional_autorecon1smriprep_skullstripautorecon2autorecon3_sub01_ses010.job/sub-01_ses-010/mri/transforms/cc_up.lta
# created by bpinsard on Thu Oct  5 17:56:05 2023

type      = 0 # LINEAR_VOX_TO_VOX
nxforms   = 1
mean      = 155.0000 140.0000 132.0000
sigma     = 10000.0000
1 4 4
9.997776150703430e-01 3.056292887777090e-03 2.086550742387772e-02 -2.871064949035645e+01 
-3.055627690628171e-03 9.999952912330627e-01 -6.377140380209312e-05 1.547842979431152e+01 
-2.086560614407063e-02 0.000000000000000e+00 9.997823238372803e-01 1.623833465576172e+01 
0.000000000000000e+00 0.000000000000000e+00 0.000000000000000e+00 1.000000000000000e+00 
src volume info
valid = 1  # volume info valid
filename = /localscratch/bpinsard.41396450.0/freesurfer_crosssectional_autorecon1smriprep_skullstripautorecon2autorecon3_sub01_ses010.job/sub-01_ses-010/mri/norm.mgz
volume = 300 300 300
voxelsize = 8.000000119209290e-01 8.000000119209290e-01 8.000000119209290e-01
xras   = -9.999999403953552e-01 -9.495124686509371e-09 -2.328306436538696e-09
yras   = 0.000000000000000e+00 0.000000000000000e+00 -1.000000000000000e+00
zras   = -4.481535142986104e-09 1.000000000000000e+00 0.000000000000000e+00
cras   = 1.928016662597656e+00 -6.287849426269531e+00 -4.108718872070312e+00
dst volume info
valid = 1  # volume info valid
filename = /localscratch/bpinsard.41396450.0/freesurfer_crosssectional_autorecon1smriprep_skullstripautorecon2autorecon3_sub01_ses010.job/sub-01_ses-010/mri/norm.mgz
volume = 300 300 300
voxelsize = 8.000000119209290e-01 8.000000119209290e-01 8.000000119209290e-01
xras   = -9.999999403953552e-01 -9.495124686509371e-09 -2.328306436538696e-09
yras   = 0.000000000000000e+00 0.000000000000000e+00 -1.000000000000000e+00
zras   = -4.481535142986104e-09 1.000000000000000e+00 0.000000000000000e+00
cras   = 1.928016662597656e+00 -6.287849426269531e+00 -4.108718872070312e+00
