# transform file transforms/talairach_with_skull.lta
# created by bpinsard on Thu Oct  5 14:21:27 2023

type      = 0 # LINEAR_VOX_TO_VOX
nxforms   = 1
mean      = 154.0000 157.0000 135.0000
sigma     = 10000.0000
1 4 4
9.029584527015686e-01 6.547165662050247e-02 -1.374401524662971e-02 -2.117752647399902e+01 
-6.404548138380051e-02 9.235921502113342e-01 2.550608515739441e-01 -3.133796691894531e+01 
3.004177473485470e-02 -2.350202649831772e-01 8.544692993164062e-01 2.246576309204102e+01 
0.000000000000000e+00 0.000000000000000e+00 0.000000000000000e+00 1.000000000000000e+00 
src volume info
valid = 1  # volume info valid
filename = nu.mgz
volume = 300 300 300
voxelsize = 8.000000119209290e-01 8.000000119209290e-01 8.000000119209290e-01
xras   = -9.999999403953552e-01 -9.495124686509371e-09 -2.328306436538696e-09
yras   = 0.000000000000000e+00 0.000000000000000e+00 -1.000000000000000e+00
zras   = -4.481535142986104e-09 1.000000000000000e+00 0.000000000000000e+00
cras   = 1.928016662597656e+00 -6.287849426269531e+00 -4.108718872070312e+00
dst volume info
valid = 1  # volume info valid
filename = /opt/freesurfer/average/RB_all_withskull_2020_01_02.gca
volume = 256 256 256
voxelsize = 1.000000000000000e+00 1.000000000000000e+00 1.000000000000000e+00
xras   = -1.000000000000000e+00 0.000000000000000e+00 0.000000000000000e+00
yras   = 0.000000000000000e+00 0.000000000000000e+00 -1.000000000000000e+00
zras   = 0.000000000000000e+00 1.000000000000000e+00 0.000000000000000e+00
cras   = 0.000000000000000e+00 0.000000000000000e+00 0.000000000000000e+00
