type      = 1 # LINEAR_RAS_TO_RAS
nxforms   = 1
mean      = 0.0000 0.0000 0.0000
sigma     = 1.0000
1 4 4
1.044602870941162e+00 -2.268741093575954e-02 6.868364289402962e-03 2.941710650920868e-01 
2.219516225159168e-02 1.059729337692261e+00 1.248307228088379e-01 2.903558731079102e+00 
-1.086319051682949e-02 -1.399397701025009e-01 1.189926505088806e+00 -3.043755531311035e+00 
0.000000000000000e+00 0.000000000000000e+00 0.000000000000000e+00 1.000000000000000e+00 
src volume info
valid = 1  # volume info valid
filename = /localscratch/bpinsard.41396450.0/freesurfer_crosssectional_autorecon1smriprep_skullstripautorecon2autorecon3_sub01_ses010.job/sub-01_ses-010/mri/orig_nu.mgz
volume = 300 300 300
voxelsize = 8.000000119209290e-01 8.000000119209290e-01 8.000000119209290e-01
xras   = -9.999999403953552e-01 -9.495124686509371e-09 -2.328306436538696e-09
yras   = 0.000000000000000e+00 0.000000000000000e+00 -1.000000000000000e+00
zras   = -4.481535142986104e-09 1.000000000000000e+00 0.000000000000000e+00
cras   = 1.928016662597656e+00 -6.287849426269531e+00 -4.108718872070312e+00
dst volume info
valid = 1  # volume info valid
filename = /opt/freesurfer/mni/bin/../share/mni_autoreg/average_305.mnc
volume = 172 220 156
voxelsize = 1.000000000000000e+00 1.000000000000000e+00 1.000000000000000e+00
xras   = 1.000000000000000e+00 0.000000000000000e+00 0.000000000000000e+00
yras   = 0.000000000000000e+00 1.000000000000000e+00 0.000000000000000e+00
zras   = 0.000000000000000e+00 0.000000000000000e+00 1.000000000000000e+00
cras   = -9.499999880790710e-02 -1.651000022888184e+01 9.750000000000000e+00
subject fsaverage
fscale 0.100000
