# transform file transforms/talairach.lta
# created by bpinsard on Thu Oct  5 14:50:26 2023

type      = 0 # LINEAR_VOX_TO_VOX
nxforms   = 1
mean      = 155.0000 141.0000 131.0000
sigma     = 10000.0000
1 4 4
7.779033780097961e-01 -3.271907567977905e-02 -1.637939549982548e-02 1.283799266815186e+01 
3.110686875879765e-02 9.226189255714417e-01 1.600084602832794e-01 -3.350751113891602e+01 
1.440092921257019e-02 -1.488088667392731e-01 7.725569009780884e-01 2.669381523132324e+01 
0.000000000000000e+00 0.000000000000000e+00 0.000000000000000e+00 1.000000000000000e+00 
src volume info
valid = 1  # volume info valid
filename = nu.mgz
volume = 300 300 300
voxelsize = 8.000000119209290e-01 8.000000119209290e-01 8.000000119209290e-01
xras   = -9.999999403953552e-01 -9.495124686509371e-09 -2.328306436538696e-09
yras   = 0.000000000000000e+00 0.000000000000000e+00 -1.000000000000000e+00
zras   = -4.481535142986104e-09 1.000000000000000e+00 0.000000000000000e+00
cras   = 1.928016662597656e+00 -6.287849426269531e+00 -4.108718872070312e+00
dst volume info
valid = 1  # volume info valid
filename = /opt/freesurfer/average/RB_all_2020-01-02.gca
volume = 256 256 256
voxelsize = 1.000000000000000e+00 1.000000000000000e+00 1.000000000000000e+00
xras   = -1.000000000000000e+00 0.000000000000000e+00 0.000000000000000e+00
yras   = 0.000000000000000e+00 0.000000000000000e+00 -1.000000000000000e+00
zras   = 0.000000000000000e+00 1.000000000000000e+00 0.000000000000000e+00
cras   = 0.000000000000000e+00 0.000000000000000e+00 0.000000000000000e+00
