# transform file /localscratch/bpinsard.41537205.0/freesurfer_longitudinal_autoreconall_sub03.job/sub-03_ses-004.long.sub-03/mri/transforms/cc_up.lta
# created by bpinsard on Fri Oct 13 05:54:11 2023

type      = 0 # LINEAR_VOX_TO_VOX
nxforms   = 1
mean      = 160.0000 166.0000 166.0000
sigma     = 10000.0000
1 4 4
9.999607205390930e-01 -7.834249176084995e-03 -4.166890401393175e-03 -2.927606010437012e+01 
7.834181189537048e-03 9.999693632125854e-01 -3.264545739511959e-05 -1.324431228637695e+01 
4.167017992585897e-03 0.000000000000000e+00 9.999914169311523e-01 -2.166543579101562e+01 
0.000000000000000e+00 0.000000000000000e+00 0.000000000000000e+00 1.000000000000000e+00 
src volume info
valid = 1  # volume info valid
filename = /localscratch/bpinsard.41537205.0/freesurfer_longitudinal_autoreconall_sub03.job/sub-03_ses-004.long.sub-03/mri/norm.mgz
volume = 320 320 320
voxelsize = 8.000000119209290e-01 8.000000119209290e-01 8.000000119209290e-01
xras   = -1.000000000000000e+00 2.714660440883421e-10 1.552212663957775e-10
yras   = -1.552212663957775e-10 -1.212514897513950e-12 -1.000000000000000e+00
zras   = 2.714660163327665e-10 1.000000000000000e+00 -1.212756674598414e-12
cras   = 1.456940054893494e+00 4.725877285003662e+00 2.022341346740723e+01
dst volume info
valid = 1  # volume info valid
filename = /localscratch/bpinsard.41537205.0/freesurfer_longitudinal_autoreconall_sub03.job/sub-03_ses-004.long.sub-03/mri/norm.mgz
volume = 320 320 320
voxelsize = 8.000000119209290e-01 8.000000119209290e-01 8.000000119209290e-01
xras   = -1.000000000000000e+00 2.714660440883421e-10 1.552212663957775e-10
yras   = -1.552212663957775e-10 -1.212514897513950e-12 -1.000000000000000e+00
zras   = 2.714660163327665e-10 1.000000000000000e+00 -1.212756674598414e-12
cras   = 1.456940054893494e+00 4.725877285003662e+00 2.022341346740723e+01
