# transform file /localscratch/bpinsard.41547889.0/freesurfer_longitudinal_autoreconall_sub01.job/sub-01_ses-006.long.sub-01/mri/transforms/cc_up.lta
# created by bpinsard on Fri Oct 13 19:43:40 2023

type      = 0 # LINEAR_VOX_TO_VOX
nxforms   = 1
mean      = 161.0000 165.0000 164.0000
sigma     = 10000.0000
1 4 4
9.971930384635925e-01 -1.300593186169863e-02 -7.373536378145218e-02 -1.716071510314941e+01 
1.297052204608917e-02 9.999154210090637e-01 -9.590781992301345e-04 -7.899442195892334e+00 
7.374159991741180e-02 -5.820766091346741e-11 9.972773790359497e-01 -4.129474258422852e+01 
0.000000000000000e+00 0.000000000000000e+00 0.000000000000000e+00 1.000000000000000e+00 
src volume info
valid = 1  # volume info valid
filename = /localscratch/bpinsard.41547889.0/freesurfer_longitudinal_autoreconall_sub01.job/sub-01_ses-006.long.sub-01/mri/norm.mgz
volume = 320 320 320
voxelsize = 8.000000119209290e-01 8.000000119209290e-01 8.000000119209290e-01
xras   = -1.000000000000000e+00 4.986808188611747e-10 -8.315380328749455e-11
yras   = 8.315380328749455e-11 -7.979727989493313e-17 -1.000000000000000e+00
zras   = 4.986808743723259e-10 1.000000000000000e+00 -5.350537721215964e-17
cras   = 9.673804044723511e-01 7.268080711364746e+00 2.035050201416016e+01
dst volume info
valid = 1  # volume info valid
filename = /localscratch/bpinsard.41547889.0/freesurfer_longitudinal_autoreconall_sub01.job/sub-01_ses-006.long.sub-01/mri/norm.mgz
volume = 320 320 320
voxelsize = 8.000000119209290e-01 8.000000119209290e-01 8.000000119209290e-01
xras   = -1.000000000000000e+00 4.986808188611747e-10 -8.315380328749455e-11
yras   = 8.315380328749455e-11 -7.979727989493313e-17 -1.000000000000000e+00
zras   = 4.986808743723259e-10 1.000000000000000e+00 -5.350537721215964e-17
cras   = 9.673804044723511e-01 7.268080711364746e+00 2.035050201416016e+01
