# transform file /localscratch/bpinsard.41394419.0/freesurfer_crosssectional_autorecon1smriprep_skullstripautorecon2autorecon3_sub01_ses008.job/sub-01_ses-008/mri/transforms/cc_up.lta
# created by bpinsard on Thu Oct  5 15:37:57 2023

type      = 0 # LINEAR_VOX_TO_VOX
nxforms   = 1
mean      = 160.0000 125.0000 139.0000
sigma     = 10000.0000
1 4 4
9.974495172500610e-01 8.984484709799290e-03 -7.080678641796112e-02 -2.151991653442383e+01 
-8.961931802332401e-03 9.999595880508423e-01 6.361881969496608e-04 3.533961868286133e+01 
7.080964744091034e-02 0.000000000000000e+00 9.974898099899292e-01 -8.871639251708984e+00 
0.000000000000000e+00 0.000000000000000e+00 0.000000000000000e+00 1.000000000000000e+00 
src volume info
valid = 1  # volume info valid
filename = /localscratch/bpinsard.41394419.0/freesurfer_crosssectional_autorecon1smriprep_skullstripautorecon2autorecon3_sub01_ses008.job/sub-01_ses-008/mri/norm.mgz
volume = 320 320 320
voxelsize = 7.999954223632812e-01 7.999954223632812e-01 7.999954223632812e-01
xras   = -1.000000000000000e+00 0.000000000000000e+00 0.000000000000000e+00
yras   = 0.000000000000000e+00 0.000000000000000e+00 -1.000000000000000e+00
zras   = 0.000000000000000e+00 1.000000000000000e+00 0.000000000000000e+00
cras   = -2.019500732421875e-01 2.892707061767578e+01 -8.665222167968750e+00
dst volume info
valid = 1  # volume info valid
filename = /localscratch/bpinsard.41394419.0/freesurfer_crosssectional_autorecon1smriprep_skullstripautorecon2autorecon3_sub01_ses008.job/sub-01_ses-008/mri/norm.mgz
volume = 320 320 320
voxelsize = 7.999954223632812e-01 7.999954223632812e-01 7.999954223632812e-01
xras   = -1.000000000000000e+00 0.000000000000000e+00 0.000000000000000e+00
yras   = 0.000000000000000e+00 0.000000000000000e+00 -1.000000000000000e+00
zras   = 0.000000000000000e+00 1.000000000000000e+00 0.000000000000000e+00
cras   = -2.019500732421875e-01 2.892707061767578e+01 -8.665222167968750e+00
