type      = 1 # LINEAR_RAS_TO_RAS
nxforms   = 1
mean      = 0.0000 0.0000 0.0000
sigma     = 1.0000
1 4 4
1.038397789001465e+00 6.454753875732422e-02 1.167671289294958e-02 -1.920437335968018e+00 
-6.594306230545044e-02 1.015951633453369e+00 2.481825202703476e-01 -3.489773559570312e+01 
4.510329570621252e-03 -2.804796099662781e-01 1.149360299110413e+00 -1.485004615783691e+01 
0.000000000000000e+00 0.000000000000000e+00 0.000000000000000e+00 1.000000000000000e+00 
src volume info
valid = 1  # volume info valid
filename = /localscratch/bpinsard.41394419.0/freesurfer_crosssectional_autorecon1smriprep_skullstripautorecon2autorecon3_sub01_ses008.job/sub-01_ses-008/mri/orig_nu.mgz
volume = 320 320 320
voxelsize = 7.999954223632812e-01 7.999954223632812e-01 7.999954223632812e-01
xras   = -1.000000000000000e+00 0.000000000000000e+00 0.000000000000000e+00
yras   = 0.000000000000000e+00 0.000000000000000e+00 -1.000000000000000e+00
zras   = 0.000000000000000e+00 1.000000000000000e+00 0.000000000000000e+00
cras   = -2.019500732421875e-01 2.892707061767578e+01 -8.665222167968750e+00
dst volume info
valid = 1  # volume info valid
filename = /opt/freesurfer/mni/bin/../share/mni_autoreg/average_305.mnc
volume = 172 220 156
voxelsize = 1.000000000000000e+00 1.000000000000000e+00 1.000000000000000e+00
xras   = 1.000000000000000e+00 0.000000000000000e+00 0.000000000000000e+00
yras   = 0.000000000000000e+00 1.000000000000000e+00 0.000000000000000e+00
zras   = 0.000000000000000e+00 0.000000000000000e+00 1.000000000000000e+00
cras   = -9.499999880790710e-02 -1.651000022888184e+01 9.750000000000000e+00
subject fsaverage
fscale 0.100000
