# transform file transforms/talairach.lta
# created by bpinsard on Thu Oct  5 13:43:20 2023

type      = 0 # LINEAR_VOX_TO_VOX
nxforms   = 1
mean      = 160.0000 128.0000 143.0000
sigma     = 10000.0000
1 4 4
8.275468349456787e-01 1.432704553008080e-02 -4.516610503196716e-02 1.228622198104858e-01 
1.801027567125857e-03 8.699560761451721e-01 2.295099794864655e-01 -1.922239685058594e+01 
4.744727537035942e-02 -2.107871770858765e-01 8.023946285247803e-01 1.731815910339355e+01 
0.000000000000000e+00 0.000000000000000e+00 0.000000000000000e+00 1.000000000000000e+00 
src volume info
valid = 1  # volume info valid
filename = nu.mgz
volume = 320 320 320
voxelsize = 8.000000119209290e-01 8.000000119209290e-01 8.000000119209290e-01
xras   = -1.000000119209290e+00 0.000000000000000e+00 0.000000000000000e+00
yras   = 0.000000000000000e+00 0.000000000000000e+00 -1.000000000000000e+00
zras   = 0.000000000000000e+00 1.000000000000000e+00 0.000000000000000e+00
cras   = -2.896453857421875e+00 2.593258666992188e+01 -1.390560913085938e+01
dst volume info
valid = 1  # volume info valid
filename = /opt/freesurfer/average/RB_all_2020-01-02.gca
volume = 256 256 256
voxelsize = 1.000000000000000e+00 1.000000000000000e+00 1.000000000000000e+00
xras   = -1.000000000000000e+00 0.000000000000000e+00 0.000000000000000e+00
yras   = 0.000000000000000e+00 0.000000000000000e+00 -1.000000000000000e+00
zras   = 0.000000000000000e+00 1.000000000000000e+00 0.000000000000000e+00
cras   = 0.000000000000000e+00 0.000000000000000e+00 0.000000000000000e+00
