# transform file /localscratch/bpinsard.41537203.0/freesurfer_longitudinal_autoreconall_sub02.job/sub-02_ses-011.long.sub-02/mri/transforms/cc_up.lta
# created by bpinsard on Sat Oct 14 11:51:30 2023

type      = 0 # LINEAR_VOX_TO_VOX
nxforms   = 1
mean      = 159.0000 170.0000 173.0000
sigma     = 10000.0000
1 4 4
9.996169209480286e-01 -7.023700978606939e-03 -2.677466720342636e-02 -2.548516082763672e+01 
7.021183148026466e-03 9.999754428863525e-01 -1.880618947325274e-04 -1.608158874511719e+01 
2.677532657980919e-02 1.455191696309033e-11 9.996415376663208e-01 -1.518794441223145e+01 
0.000000000000000e+00 0.000000000000000e+00 0.000000000000000e+00 1.000000000000000e+00 
src volume info
valid = 1  # volume info valid
filename = /localscratch/bpinsard.41537203.0/freesurfer_longitudinal_autoreconall_sub02.job/sub-02_ses-011.long.sub-02/mri/norm.mgz
volume = 320 320 320
voxelsize = 8.000000119209290e-01 8.000000119209290e-01 8.000000119209290e-01
xras   = -1.000000000000000e+00 2.522523578907254e-10 -1.897353801849633e-18
yras   = -4.507062312340132e-18 -2.425354838839211e-12 -1.000000000000000e+00
zras   = 2.522523578907254e-10 1.000000000000000e+00 -2.425388449106558e-12
cras   = 1.280829548835754e+00 -8.290282487869263e-01 -2.512763500213623e+00
dst volume info
valid = 1  # volume info valid
filename = /localscratch/bpinsard.41537203.0/freesurfer_longitudinal_autoreconall_sub02.job/sub-02_ses-011.long.sub-02/mri/norm.mgz
volume = 320 320 320
voxelsize = 8.000000119209290e-01 8.000000119209290e-01 8.000000119209290e-01
xras   = -1.000000000000000e+00 2.522523578907254e-10 -1.897353801849633e-18
yras   = -4.507062312340132e-18 -2.425354838839211e-12 -1.000000000000000e+00
zras   = 2.522523578907254e-10 1.000000000000000e+00 -2.425388449106558e-12
cras   = 1.280829548835754e+00 -8.290282487869263e-01 -2.512763500213623e+00
