# transform file transforms/talairach_with_skull.lta
# created by bpinsard on Thu Oct  5 12:54:54 2023

type      = 0 # LINEAR_VOX_TO_VOX
nxforms   = 1
mean      = 164.0000 168.0000 140.0000
sigma     = 10000.0000
1 4 4
9.363304972648621e-01 -3.454201854765415e-03 -7.168501615524292e-02 -1.622928428649902e+01 
2.758754789829254e-02 8.492171764373779e-01 2.992527484893799e-01 -2.801054763793945e+01 
5.952216312289238e-02 -3.305272758007050e-01 9.112336635589600e-01 1.102156925201416e+01 
0.000000000000000e+00 0.000000000000000e+00 0.000000000000000e+00 1.000000000000000e+00 
src volume info
valid = 1  # volume info valid
filename = nu.mgz
volume = 320 320 320
voxelsize = 7.999954223632812e-01 7.999954223632812e-01 7.999954223632812e-01
xras   = -1.000000000000000e+00 0.000000000000000e+00 0.000000000000000e+00
yras   = 0.000000000000000e+00 0.000000000000000e+00 -1.000000000000000e+00
zras   = 0.000000000000000e+00 1.000000000000000e+00 0.000000000000000e+00
cras   = -2.019500732421875e-01 2.593258666992188e+01 -1.390560913085938e+01
dst volume info
valid = 1  # volume info valid
filename = /opt/freesurfer/average/RB_all_withskull_2020_01_02.gca
volume = 256 256 256
voxelsize = 1.000000000000000e+00 1.000000000000000e+00 1.000000000000000e+00
xras   = -1.000000000000000e+00 0.000000000000000e+00 0.000000000000000e+00
yras   = 0.000000000000000e+00 0.000000000000000e+00 -1.000000000000000e+00
zras   = 0.000000000000000e+00 1.000000000000000e+00 0.000000000000000e+00
cras   = 0.000000000000000e+00 0.000000000000000e+00 0.000000000000000e+00
