# transform file /localscratch/bpinsard.41394462.0/freesurfer_crosssectional_autorecon1smriprep_skullstripautorecon2autorecon3_sub03_ses008.job/sub-03_ses-008/mri/transforms/cc_up.lta
# created by bpinsard on Thu Oct  5 16:08:34 2023

type      = 0 # LINEAR_VOX_TO_VOX
nxforms   = 1
mean      = 158.0000 119.0000 144.0000
sigma     = 10000.0000
1 4 4
9.992186427116394e-01 -3.946850076317787e-02 -2.131551736965775e-03 -2.343526268005371e+01 
3.946841135621071e-02 9.992209076881409e-01 -8.419474761467427e-05 2.486378288269043e+01 
2.133213682100177e-03 0.000000000000000e+00 9.999977946281433e-01 5.663984775543213e+00 
0.000000000000000e+00 0.000000000000000e+00 0.000000000000000e+00 1.000000000000000e+00 
src volume info
valid = 1  # volume info valid
filename = /localscratch/bpinsard.41394462.0/freesurfer_crosssectional_autorecon1smriprep_skullstripautorecon2autorecon3_sub03_ses008.job/sub-03_ses-008/mri/norm.mgz
volume = 320 320 320
voxelsize = 7.999954223632812e-01 7.999954223632812e-01 7.999954223632812e-01
xras   = -1.000000000000000e+00 0.000000000000000e+00 0.000000000000000e+00
yras   = 0.000000000000000e+00 0.000000000000000e+00 -1.000000000000000e+00
zras   = 0.000000000000000e+00 1.000000000000000e+00 0.000000000000000e+00
cras   = -2.019500732421875e-01 2.231811523437500e+01 -6.676681518554688e+00
dst volume info
valid = 1  # volume info valid
filename = /localscratch/bpinsard.41394462.0/freesurfer_crosssectional_autorecon1smriprep_skullstripautorecon2autorecon3_sub03_ses008.job/sub-03_ses-008/mri/norm.mgz
volume = 320 320 320
voxelsize = 7.999954223632812e-01 7.999954223632812e-01 7.999954223632812e-01
xras   = -1.000000000000000e+00 0.000000000000000e+00 0.000000000000000e+00
yras   = 0.000000000000000e+00 0.000000000000000e+00 -1.000000000000000e+00
zras   = 0.000000000000000e+00 1.000000000000000e+00 0.000000000000000e+00
cras   = -2.019500732421875e-01 2.231811523437500e+01 -6.676681518554688e+00
