# transform file /localscratch/bpinsard.41394415.0/freesurfer_crosssectional_autorecon1smriprep_skullstripautorecon2autorecon3_sub01_ses004.job/sub-01_ses-004/mri/transforms/cc_up.lta
# created by bpinsard on Thu Oct  5 15:08:49 2023

type      = 0 # LINEAR_VOX_TO_VOX
nxforms   = 1
mean      = 161.0000 118.0000 145.0000
sigma     = 10000.0000
1 4 4
9.946867227554321e-01 -5.555192381143570e-02 -8.667369931936264e-02 -1.214430809020996e+01 
5.534222349524498e-02 9.984558224678040e-01 -4.822337534278631e-03 2.906193351745605e+01 
8.680775016546249e-02 -4.656612873077393e-10 9.962251186370850e-01 -2.319469451904297e+01 
0.000000000000000e+00 0.000000000000000e+00 0.000000000000000e+00 1.000000000000000e+00 
src volume info
valid = 1  # volume info valid
filename = /localscratch/bpinsard.41394415.0/freesurfer_crosssectional_autorecon1smriprep_skullstripautorecon2autorecon3_sub01_ses004.job/sub-01_ses-004/mri/norm.mgz
volume = 320 320 320
voxelsize = 8.000000119209290e-01 8.000000119209290e-01 8.000000119209290e-01
xras   = -1.000000119209290e+00 0.000000000000000e+00 0.000000000000000e+00
yras   = 0.000000000000000e+00 0.000000000000000e+00 -1.000000000000000e+00
zras   = 0.000000000000000e+00 1.000000000000000e+00 0.000000000000000e+00
cras   = 1.895477294921875e+00 2.593258666992188e+01 -4.813446044921875e+00
dst volume info
valid = 1  # volume info valid
filename = /localscratch/bpinsard.41394415.0/freesurfer_crosssectional_autorecon1smriprep_skullstripautorecon2autorecon3_sub01_ses004.job/sub-01_ses-004/mri/norm.mgz
volume = 320 320 320
voxelsize = 8.000000119209290e-01 8.000000119209290e-01 8.000000119209290e-01
xras   = -1.000000119209290e+00 0.000000000000000e+00 0.000000000000000e+00
yras   = 0.000000000000000e+00 0.000000000000000e+00 -1.000000000000000e+00
zras   = 0.000000000000000e+00 1.000000000000000e+00 0.000000000000000e+00
cras   = 1.895477294921875e+00 2.593258666992188e+01 -4.813446044921875e+00
