type      = 1 # LINEAR_RAS_TO_RAS
nxforms   = 1
mean      = 0.0000 0.0000 0.0000
sigma     = 1.0000
1 4 4
1.045713305473328e+00 7.474754005670547e-02 -5.017013102769852e-02 -1.409975767135620e+00 
-7.490032911300659e-02 1.053983688354492e+00 9.137270040810108e-03 -3.494824218750000e+01 
5.723319947719574e-02 -6.194612942636013e-03 1.183702111244202e+00 -2.623865318298340e+01 
0.000000000000000e+00 0.000000000000000e+00 0.000000000000000e+00 1.000000000000000e+00 
src volume info
valid = 1  # volume info valid
filename = /localscratch/bpinsard.41394415.0/freesurfer_crosssectional_autorecon1smriprep_skullstripautorecon2autorecon3_sub01_ses004.job/sub-01_ses-004/mri/orig_nu.mgz
volume = 320 320 320
voxelsize = 8.000000119209290e-01 8.000000119209290e-01 8.000000119209290e-01
xras   = -1.000000119209290e+00 0.000000000000000e+00 0.000000000000000e+00
yras   = 0.000000000000000e+00 0.000000000000000e+00 -1.000000000000000e+00
zras   = 0.000000000000000e+00 1.000000000000000e+00 0.000000000000000e+00
cras   = 1.895477294921875e+00 2.593258666992188e+01 -4.813446044921875e+00
dst volume info
valid = 1  # volume info valid
filename = /opt/freesurfer/mni/bin/../share/mni_autoreg/average_305.mnc
volume = 172 220 156
voxelsize = 1.000000000000000e+00 1.000000000000000e+00 1.000000000000000e+00
xras   = 1.000000000000000e+00 0.000000000000000e+00 0.000000000000000e+00
yras   = 0.000000000000000e+00 1.000000000000000e+00 0.000000000000000e+00
zras   = 0.000000000000000e+00 0.000000000000000e+00 1.000000000000000e+00
cras   = -9.499999880790710e-02 -1.651000022888184e+01 9.750000000000000e+00
subject fsaverage
fscale 0.100000
