# transform file /localscratch/bpinsard.41547889.0/freesurfer_longitudinal_autoreconall_sub01.job/sub-01_ses-005.long.sub-01/mri/transforms/cc_up.lta
# created by bpinsard on Sat Oct 14 12:24:53 2023

type      = 0 # LINEAR_VOX_TO_VOX
nxforms   = 1
mean      = 162.0000 165.0000 164.0000
sigma     = 10000.0000
1 4 4
9.972273707389832e-01 -1.243652775883675e-02 -7.336676865816116e-02 -1.730070877075195e+01 
1.240300666540861e-02 9.999225139617920e-01 -9.124985081143677e-04 -7.817533016204834e+00 
7.337244600057602e-02 -5.820765397457350e-11 9.973045587539673e-01 -4.124034118652344e+01 
0.000000000000000e+00 0.000000000000000e+00 0.000000000000000e+00 1.000000000000000e+00 
src volume info
valid = 1  # volume info valid
filename = /localscratch/bpinsard.41547889.0/freesurfer_longitudinal_autoreconall_sub01.job/sub-01_ses-005.long.sub-01/mri/norm.mgz
volume = 320 320 320
voxelsize = 8.000000119209290e-01 8.000000119209290e-01 8.000000119209290e-01
xras   = -1.000000000000000e+00 4.986808188611747e-10 -8.315380328749455e-11
yras   = 8.315380328749455e-11 -7.979727989493313e-17 -1.000000000000000e+00
zras   = 4.986808743723259e-10 1.000000000000000e+00 -5.350537721215964e-17
cras   = 9.673804044723511e-01 7.268080711364746e+00 2.035050201416016e+01
dst volume info
valid = 1  # volume info valid
filename = /localscratch/bpinsard.41547889.0/freesurfer_longitudinal_autoreconall_sub01.job/sub-01_ses-005.long.sub-01/mri/norm.mgz
volume = 320 320 320
voxelsize = 8.000000119209290e-01 8.000000119209290e-01 8.000000119209290e-01
xras   = -1.000000000000000e+00 4.986808188611747e-10 -8.315380328749455e-11
yras   = 8.315380328749455e-11 -7.979727989493313e-17 -1.000000000000000e+00
zras   = 4.986808743723259e-10 1.000000000000000e+00 -5.350537721215964e-17
cras   = 9.673804044723511e-01 7.268080711364746e+00 2.035050201416016e+01
