type      = 0 # LINEAR_VOX_TO_VOX
nxforms   = 1
mean      = 162.0000 135.0000 147.0000
sigma     = 10000.0000
1 4 4
9.999418258666992e-01 9.057682473212481e-05 -1.131620723754168e-02 6.046188354492188e+00 
-6.826926983194426e-05 1.000003814697266e+00 1.971676247194409e-03 -2.811479187011719e+01 
1.131636276841164e-02 -1.970777055248618e-03 9.999397993087769e-01 -2.048091125488281e+01 
0.000000000000000e+00 0.000000000000000e+00 0.000000000000000e+00 1.000000000000000e+00 
src volume info
valid = 1  # volume info valid
filename = /localscratch/bpinsard.41493768.0/freesurfer_template_autoreconall_sub04.job/sub-04/mri/norm_template.mgz
volume = 320 320 320
voxelsize = 8.000000119209290e-01 8.000000119209290e-01 8.000000119209290e-01
xras   = -1.000000000000000e+00 0.000000000000000e+00 4.656612873077393e-10
yras   = -4.656612873077393e-10 0.000000000000000e+00 -1.000000000000000e+00
zras   = 0.000000000000000e+00 1.000000000000000e+00 0.000000000000000e+00
cras   = -2.881513118743896e+00 7.315050601959229e+00 1.888040542602539e+01
dst volume info
valid = 1  # volume info valid
filename = /localscratch/bpinsard.41493768.0/freesurfer_template_autoreconall_sub04.job/sub-04_ses-003/mri/norm.mgz
volume = 320 320 320
voxelsize = 7.999954223632812e-01 7.999954223632812e-01 7.999954223632812e-01
xras   = -1.000000000000000e+00 0.000000000000000e+00 0.000000000000000e+00
yras   = 0.000000000000000e+00 0.000000000000000e+00 -1.000000000000000e+00
zras   = 0.000000000000000e+00 1.000000000000000e+00 0.000000000000000e+00
cras   = 4.004592895507812e-01 2.231811523437500e+01 5.522308349609375e-01
fscale 0.150000
