# transform file /localscratch/bpinsard.41493768.0/freesurfer_template_autoreconall_sub04.job/sub-04/mri/transforms/sub-04_ses-005_to_sub-04.lta
# created by bpinsard on Tue Oct 10 19:48:42 2023

type      = 1 # LINEAR_RAS_TO_RAS
nxforms   = 1
mean      = 161.0000 123.0000 143.0000
sigma     = 10000.0000
1 4 4
9.997752308845520e-01 -2.061222307384014e-02 -4.997445270419121e-03 3.669815063476562e-01 
2.049103938043118e-02 9.995209574699402e-01 -2.319631725549698e-02 3.957290649414062e-01 
5.473178811371326e-03 2.308869920670986e-02 9.997186660766602e-01 2.690582275390625e-01 
0.000000000000000e+00 0.000000000000000e+00 0.000000000000000e+00 1.000000000000000e+00 
src volume info
valid = 1  # volume info valid
filename = /localscratch/bpinsard.41493768.0/freesurfer_template_autoreconall_sub04.job/sub-04_ses-005/mri/norm.mgz
volume = 320 320 320
voxelsize = 8.000000119209290e-01 8.000000119209290e-01 8.000000119209290e-01
xras   = -9.999998807907104e-01 0.000000000000000e+00 4.656612873077393e-09
yras   = 4.656612873077393e-09 0.000000000000000e+00 -9.999999403953552e-01
zras   = 0.000000000000000e+00 9.999999403953552e-01 0.000000000000000e+00
cras   = -2.378768920898438e-01 2.593256378173828e+01 -1.388891601562500e+01
dst volume info
valid = 1  # volume info valid
filename = /localscratch/bpinsard.41493768.0/freesurfer_template_autoreconall_sub04.job/sub-04/mri/norm_template.mgz
volume = 320 320 320
voxelsize = 8.000000119209290e-01 8.000000119209290e-01 8.000000119209290e-01
xras   = -1.000000000000000e+00 0.000000000000000e+00 4.656612873077393e-10
yras   = -4.656612873077393e-10 0.000000000000000e+00 -1.000000000000000e+00
zras   = 0.000000000000000e+00 1.000000000000000e+00 0.000000000000000e+00
cras   = -2.881513118743896e+00 7.315050601959229e+00 1.888040542602539e+01
