type      = 0 # LINEAR_VOX_TO_VOX
nxforms   = 1
mean      = 161.0000 123.0000 143.0000
sigma     = 10000.0000
1 4 4
9.997751116752625e-01 5.473183467984200e-03 -2.049103565514088e-02 5.896652221679688e+00 
-4.997440148144960e-03 9.997184276580811e-01 2.319632098078728e-02 -4.330520629882812e+01 
2.061222679913044e-02 -2.308869734406471e-02 9.995210170745850e-01 -2.267698669433594e+01 
0.000000000000000e+00 0.000000000000000e+00 0.000000000000000e+00 1.000000000000000e+00 
src volume info
valid = 1  # volume info valid
filename = /localscratch/bpinsard.41493768.0/freesurfer_template_autoreconall_sub04.job/sub-04/mri/norm_template.mgz
volume = 320 320 320
voxelsize = 8.000000119209290e-01 8.000000119209290e-01 8.000000119209290e-01
xras   = -1.000000000000000e+00 0.000000000000000e+00 4.656612873077393e-10
yras   = -4.656612873077393e-10 0.000000000000000e+00 -1.000000000000000e+00
zras   = 0.000000000000000e+00 1.000000000000000e+00 0.000000000000000e+00
cras   = -2.881513118743896e+00 7.315050601959229e+00 1.888040542602539e+01
dst volume info
valid = 1  # volume info valid
filename = /localscratch/bpinsard.41493768.0/freesurfer_template_autoreconall_sub04.job/sub-04_ses-005/mri/norm.mgz
volume = 320 320 320
voxelsize = 8.000000119209290e-01 8.000000119209290e-01 8.000000119209290e-01
xras   = -9.999998807907104e-01 0.000000000000000e+00 4.656612873077393e-09
yras   = 4.656612873077393e-09 0.000000000000000e+00 -9.999999403953552e-01
zras   = 0.000000000000000e+00 9.999999403953552e-01 0.000000000000000e+00
cras   = -2.378768920898438e-01 2.593256378173828e+01 -1.388891601562500e+01
fscale 0.150000
