type      = 0 # LINEAR_VOX_TO_VOX
nxforms   = 1
mean      = 156.0000 129.0000 145.0000
sigma     = 10000.0000
1 4 4
9.998261928558350e-01 1.452012918889523e-02 1.167014148086309e-02 -6.299102783203125e+00 
-1.475050300359726e-02 9.996931552886963e-01 1.990278810262680e-02 -3.564848327636719e+01 
-1.137756928801537e-02 -2.007147297263145e-02 9.997337460517883e-01 -1.511730957031250e+01 
0.000000000000000e+00 0.000000000000000e+00 0.000000000000000e+00 1.000000000000000e+00 
src volume info
valid = 1  # volume info valid
filename = /localscratch/bpinsard.41493768.0/freesurfer_template_autoreconall_sub04.job/sub-04/mri/norm_template.mgz
volume = 320 320 320
voxelsize = 8.000000119209290e-01 8.000000119209290e-01 8.000000119209290e-01
xras   = -1.000000000000000e+00 0.000000000000000e+00 4.656612873077393e-10
yras   = -4.656612873077393e-10 0.000000000000000e+00 -1.000000000000000e+00
zras   = 0.000000000000000e+00 1.000000000000000e+00 0.000000000000000e+00
cras   = -2.881513118743896e+00 7.315050601959229e+00 1.888040542602539e+01
dst volume info
valid = 1  # volume info valid
filename = /localscratch/bpinsard.41493768.0/freesurfer_template_autoreconall_sub04.job/sub-04_ses-002/mri/norm.mgz
volume = 320 320 320
voxelsize = 8.000000119209290e-01 8.000000119209290e-01 8.000000119209290e-01
xras   = -1.000000119209290e+00 0.000000000000000e+00 0.000000000000000e+00
yras   = 0.000000000000000e+00 0.000000000000000e+00 -1.000000000000000e+00
zras   = 0.000000000000000e+00 1.000000000000000e+00 0.000000000000000e+00
cras   = -3.817199707031250e+00 2.472778320312500e+01 -6.676681518554688e+00
fscale 0.150000
