# transform file /localscratch/bpinsard.41493768.0/freesurfer_template_autoreconall_sub04.job/sub-04/mri/transforms/sub-04_ses-004_to_sub-04.lta
# created by bpinsard on Tue Oct 10 19:48:42 2023

type      = 1 # LINEAR_RAS_TO_RAS
nxforms   = 1
mean      = 160.0000 134.0000 144.0000
sigma     = 10000.0000
1 4 4
9.999952316284180e-01 2.577346982434392e-03 1.736886217258871e-03 -1.145248413085938e-01 
-2.643555169925094e-03 9.992256164550781e-01 3.926093876361847e-02 -9.525375366210938e-01 
-1.634351792745292e-03 -3.926534205675125e-02 9.992276430130005e-01 7.768646240234375e+00 
0.000000000000000e+00 0.000000000000000e+00 0.000000000000000e+00 1.000000000000000e+00 
src volume info
valid = 1  # volume info valid
filename = /localscratch/bpinsard.41493768.0/freesurfer_template_autoreconall_sub04.job/sub-04_ses-004/mri/norm.mgz
volume = 320 320 320
voxelsize = 8.000000119209290e-01 8.000000119209290e-01 8.000000119209290e-01
xras   = -1.000000119209290e+00 0.000000000000000e+00 0.000000000000000e+00
yras   = 0.000000000000000e+00 0.000000000000000e+00 -1.000000000000000e+00
zras   = 0.000000000000000e+00 1.000000000000000e+00 0.000000000000000e+00
cras   = -1.407531738281250e+00 2.593258666992188e+01 -1.330319213867188e+01
dst volume info
valid = 1  # volume info valid
filename = /localscratch/bpinsard.41493768.0/freesurfer_template_autoreconall_sub04.job/sub-04/mri/norm_template.mgz
volume = 320 320 320
voxelsize = 8.000000119209290e-01 8.000000119209290e-01 8.000000119209290e-01
xras   = -1.000000000000000e+00 0.000000000000000e+00 4.656612873077393e-10
yras   = -4.656612873077393e-10 0.000000000000000e+00 -1.000000000000000e+00
zras   = 0.000000000000000e+00 1.000000000000000e+00 0.000000000000000e+00
cras   = -2.881513118743896e+00 7.315050601959229e+00 1.888040542602539e+01
