# transform file /localscratch/bpinsard.41394496.0/freesurfer_crosssectional_autorecon1smriprep_skullstripautorecon2autorecon3_sub06_ses011.job/sub-06_ses-011/mri/transforms/cc_up.lta
# created by bpinsard on Thu Oct  5 16:45:14 2023

type      = 0 # LINEAR_VOX_TO_VOX
nxforms   = 1
mean      = 160.0000 132.0000 141.0000
sigma     = 10000.0000
1 4 4
9.996036887168884e-01 1.999705284833908e-02 1.981959678232670e-02 -3.541568374633789e+01 
-1.999312266707420e-02 9.998001456260681e-01 -3.964127681683749e-04 2.026628684997559e+01 
-1.982356049120426e-02 0.000000000000000e+00 9.998036026954651e-01 1.719416999816895e+01 
0.000000000000000e+00 0.000000000000000e+00 0.000000000000000e+00 1.000000000000000e+00 
src volume info
valid = 1  # volume info valid
filename = /localscratch/bpinsard.41394496.0/freesurfer_crosssectional_autorecon1smriprep_skullstripautorecon2autorecon3_sub06_ses011.job/sub-06_ses-011/mri/norm.mgz
volume = 320 320 320
voxelsize = 8.000000119209290e-01 8.000000119209290e-01 8.000000119209290e-01
xras   = -1.000000000000000e+00 -1.164153218269348e-09 0.000000000000000e+00
yras   = 0.000000000000000e+00 0.000000000000000e+00 -1.000000000000000e+00
zras   = -1.164153218269348e-09 1.000000000000000e+00 0.000000000000000e+00
cras   = -1.887817382812500e-01 2.592546081542969e+01 -1.390560913085938e+01
dst volume info
valid = 1  # volume info valid
filename = /localscratch/bpinsard.41394496.0/freesurfer_crosssectional_autorecon1smriprep_skullstripautorecon2autorecon3_sub06_ses011.job/sub-06_ses-011/mri/norm.mgz
volume = 320 320 320
voxelsize = 8.000000119209290e-01 8.000000119209290e-01 8.000000119209290e-01
xras   = -1.000000000000000e+00 -1.164153218269348e-09 0.000000000000000e+00
yras   = 0.000000000000000e+00 0.000000000000000e+00 -1.000000000000000e+00
zras   = -1.164153218269348e-09 1.000000000000000e+00 0.000000000000000e+00
cras   = -1.887817382812500e-01 2.592546081542969e+01 -1.390560913085938e+01
