# transform file transforms/talairach.lta
# created by bpinsard on Thu Oct  5 13:48:47 2023

type      = 0 # LINEAR_VOX_TO_VOX
nxforms   = 1
mean      = 159.0000 131.0000 141.0000
sigma     = 10000.0000
1 4 4
8.287684321403503e-01 -3.365206718444824e-02 -3.798346966505051e-02 5.416363716125488e+00 
2.301483415067196e-02 8.895058631896973e-01 8.953399956226349e-04 3.428611755371094e+00 
3.736836090683937e-02 -2.475940389558673e-03 8.384595513343811e-01 -1.614736557006836e+01 
0.000000000000000e+00 0.000000000000000e+00 0.000000000000000e+00 1.000000000000000e+00 
src volume info
valid = 1  # volume info valid
filename = nu.mgz
volume = 320 320 320
voxelsize = 8.000000119209290e-01 8.000000119209290e-01 8.000000119209290e-01
xras   = -1.000000000000000e+00 -1.164153218269348e-09 0.000000000000000e+00
yras   = 0.000000000000000e+00 0.000000000000000e+00 -1.000000000000000e+00
zras   = -1.164153218269348e-09 1.000000000000000e+00 0.000000000000000e+00
cras   = -1.887817382812500e-01 2.592546081542969e+01 -1.390560913085938e+01
dst volume info
valid = 1  # volume info valid
filename = /opt/freesurfer/average/RB_all_2020-01-02.gca
volume = 256 256 256
voxelsize = 1.000000000000000e+00 1.000000000000000e+00 1.000000000000000e+00
xras   = -1.000000000000000e+00 0.000000000000000e+00 0.000000000000000e+00
yras   = 0.000000000000000e+00 0.000000000000000e+00 -1.000000000000000e+00
zras   = 0.000000000000000e+00 1.000000000000000e+00 0.000000000000000e+00
cras   = 0.000000000000000e+00 0.000000000000000e+00 0.000000000000000e+00
