# transform file /localscratch/bpinsard.41394472.0/freesurfer_crosssectional_autorecon1smriprep_skullstripautorecon2autorecon3_sub04_ses004.job/sub-04_ses-004/mri/transforms/cc_up.lta
# created by bpinsard on Thu Oct  5 16:11:38 2023

type      = 0 # LINEAR_VOX_TO_VOX
nxforms   = 1
mean      = 160.0000 134.0000 144.0000
sigma     = 10000.0000
1 4 4
9.972454905509949e-01 6.968519836664200e-02 -2.540502697229385e-02 -3.652187347412109e+01 
-6.966259330511093e-02 9.975690841674805e-01 1.774668227881193e-03 3.029690742492676e+01 
2.546693570911884e-02 2.328306436538696e-10 9.996756315231323e-01 -5.074856758117676e+00 
0.000000000000000e+00 0.000000000000000e+00 0.000000000000000e+00 1.000000000000000e+00 
src volume info
valid = 1  # volume info valid
filename = /localscratch/bpinsard.41394472.0/freesurfer_crosssectional_autorecon1smriprep_skullstripautorecon2autorecon3_sub04_ses004.job/sub-04_ses-004/mri/norm.mgz
volume = 320 320 320
voxelsize = 8.000000119209290e-01 8.000000119209290e-01 8.000000119209290e-01
xras   = -1.000000119209290e+00 0.000000000000000e+00 0.000000000000000e+00
yras   = 0.000000000000000e+00 0.000000000000000e+00 -1.000000000000000e+00
zras   = 0.000000000000000e+00 1.000000000000000e+00 0.000000000000000e+00
cras   = -1.407531738281250e+00 2.593258666992188e+01 -1.330319213867188e+01
dst volume info
valid = 1  # volume info valid
filename = /localscratch/bpinsard.41394472.0/freesurfer_crosssectional_autorecon1smriprep_skullstripautorecon2autorecon3_sub04_ses004.job/sub-04_ses-004/mri/norm.mgz
volume = 320 320 320
voxelsize = 8.000000119209290e-01 8.000000119209290e-01 8.000000119209290e-01
xras   = -1.000000119209290e+00 0.000000000000000e+00 0.000000000000000e+00
yras   = 0.000000000000000e+00 0.000000000000000e+00 -1.000000000000000e+00
zras   = 0.000000000000000e+00 1.000000000000000e+00 0.000000000000000e+00
cras   = -1.407531738281250e+00 2.593258666992188e+01 -1.330319213867188e+01
