# transform file transforms/talairach.lta
# created by bpinsard on Wed Oct 11 19:54:34 2023

type      = 0 # LINEAR_VOX_TO_VOX
nxforms   = 1
mean      = 159.0000 165.0000 170.0000
sigma     = 10000.0000
1 4 4
8.802507519721985e-01 2.131024748086929e-02 -1.351950783282518e-02 -1.536881637573242e+01 
-1.515627466142178e-02 8.634701967239380e-01 2.032109051942825e-01 -5.065207290649414e+01 
1.011056825518608e-02 -1.852351278066635e-01 8.069386482238770e-01 3.258809089660645e+00 
0.000000000000000e+00 0.000000000000000e+00 0.000000000000000e+00 1.000000000000000e+00 
src volume info
valid = 1  # volume info valid
filename = norm_template.mgz
volume = 320 320 320
voxelsize = 8.000000119209290e-01 8.000000119209290e-01 8.000000119209290e-01
xras   = -1.000000000000000e+00 0.000000000000000e+00 0.000000000000000e+00
yras   = 0.000000000000000e+00 0.000000000000000e+00 -1.000000000000000e+00
zras   = 0.000000000000000e+00 1.000000000000000e+00 0.000000000000000e+00
cras   = -2.421693563461304e+00 3.640967845916748e+00 1.867736244201660e+01
dst volume info
valid = 1  # volume info valid
filename = /opt/freesurfer/average/RB_all_2020-01-02.gca
volume = 256 256 256
voxelsize = 1.000000000000000e+00 1.000000000000000e+00 1.000000000000000e+00
xras   = -1.000000000000000e+00 0.000000000000000e+00 0.000000000000000e+00
yras   = 0.000000000000000e+00 0.000000000000000e+00 -1.000000000000000e+00
zras   = 0.000000000000000e+00 1.000000000000000e+00 0.000000000000000e+00
cras   = 0.000000000000000e+00 0.000000000000000e+00 0.000000000000000e+00
