# transform file transforms/talairach.lta
# created by bpinsard on Thu Oct  5 13:13:21 2023

type      = 0 # LINEAR_VOX_TO_VOX
nxforms   = 1
mean      = 159.0000 127.0000 145.0000
sigma     = 10000.0000
1 4 4
8.090628385543823e-01 3.956935182213783e-02 -3.050881810486317e-02 -4.784228801727295e+00 
-3.339162468910217e-02 9.264988303184509e-01 6.419909745454788e-02 -3.022231757640839e-01 
3.214520215988159e-02 -3.668325394392014e-02 7.964859008789062e-01 -5.474733352661133e+00 
0.000000000000000e+00 0.000000000000000e+00 0.000000000000000e+00 1.000000000000000e+00 
src volume info
valid = 1  # volume info valid
filename = nu.mgz
volume = 320 320 320
voxelsize = 7.999956607818604e-01 7.999956607818604e-01 7.999956607818604e-01
xras   = -1.000000000000000e+00 -7.230522292012154e-10 0.000000000000000e+00
yras   = -2.328319093081177e-09 0.000000000000000e+00 -1.000000119209290e+00
zras   = 7.162309634267672e-10 1.000000000000000e+00 0.000000000000000e+00
cras   = 1.587692260742188e+00 2.233779144287109e+01 -1.753528594970703e+01
dst volume info
valid = 1  # volume info valid
filename = /opt/freesurfer/average/RB_all_2020-01-02.gca
volume = 256 256 256
voxelsize = 1.000000000000000e+00 1.000000000000000e+00 1.000000000000000e+00
xras   = -1.000000000000000e+00 0.000000000000000e+00 0.000000000000000e+00
yras   = 0.000000000000000e+00 0.000000000000000e+00 -1.000000000000000e+00
zras   = 0.000000000000000e+00 1.000000000000000e+00 0.000000000000000e+00
cras   = 0.000000000000000e+00 0.000000000000000e+00 0.000000000000000e+00
