type      = 0 # LINEAR_VOX_TO_VOX
nxforms   = 1
mean      = 0.0000 0.0000 0.0000
sigma     = 1.0000
1 4 4
8.608368635177612e-01 -2.102468721568584e-02 -3.458861261606216e-02 -2.320709228515625e+00 
1.857429929077625e-02 8.986415863037109e-01 4.490775614976883e-02 7.169723510742188e-01 
-9.916746988892555e-03 -8.697953820228577e-02 8.135428428649902e-01 4.309951782226562e+00 
0.000000000000000e+00 0.000000000000000e+00 0.000000000000000e+00 1.000000000000000e+00 
src volume info
valid = 1  # volume info valid
filename = /localscratch/bpinsard.41394463.0/freesurfer_crosssectional_autorecon1smriprep_skullstripautorecon2autorecon3_sub03_ses009.job/sub-03_ses-009/mri/orig.mgz
volume = 320 320 320
voxelsize = 7.999956607818604e-01 7.999956607818604e-01 7.999956607818604e-01
xras   = -1.000000000000000e+00 -7.230522292012154e-10 0.000000000000000e+00
yras   = -2.328319093081177e-09 0.000000000000000e+00 -1.000000119209290e+00
zras   = 7.162309634267672e-10 1.000000000000000e+00 0.000000000000000e+00
cras   = 1.587692260742188e+00 2.233779144287109e+01 -1.753528594970703e+01
dst volume info
valid = 1  # volume info valid
filename = /opt/freesurfer/average/mni305.cor.mgz
volume = 256 256 256
voxelsize = 1.000000000000000e+00 1.000000000000000e+00 1.000000000000000e+00
xras   = -1.000000000000000e+00 0.000000000000000e+00 0.000000000000000e+00
yras   = 0.000000000000000e+00 0.000000000000000e+00 -1.000000000000000e+00
zras   = 0.000000000000000e+00 1.000000000000000e+00 0.000000000000000e+00
cras   = 0.000000000000000e+00 0.000000000000000e+00 0.000000000000000e+00
subject fsaverage
fscale 0.100000
