# transform file transforms/talairach_with_skull.lta
# created by bpinsard on Thu Oct  5 12:42:51 2023

type      = 0 # LINEAR_VOX_TO_VOX
nxforms   = 1
mean      = 161.0000 173.0000 148.0000
sigma     = 10000.0000
1 4 4
9.302564859390259e-01 2.431525290012360e-02 -4.961775615811348e-02 -2.111847686767578e+01 
-1.506040617823601e-02 8.921543955802917e-01 1.325368583202362e-01 -1.017755699157715e+01 
4.788305982947350e-02 -1.270001977682114e-01 8.521739244461060e-01 -7.034402847290039e+00 
0.000000000000000e+00 0.000000000000000e+00 0.000000000000000e+00 1.000000000000000e+00 
src volume info
valid = 1  # volume info valid
filename = nu.mgz
volume = 320 320 320
voxelsize = 7.999956607818604e-01 7.999956607818604e-01 7.999956607818604e-01
xras   = -1.000000000000000e+00 -7.230522292012154e-10 0.000000000000000e+00
yras   = -2.328319093081177e-09 0.000000000000000e+00 -1.000000119209290e+00
zras   = 7.162309634267672e-10 1.000000000000000e+00 0.000000000000000e+00
cras   = 1.587692260742188e+00 2.233779144287109e+01 -1.753528594970703e+01
dst volume info
valid = 1  # volume info valid
filename = /opt/freesurfer/average/RB_all_withskull_2020_01_02.gca
volume = 256 256 256
voxelsize = 1.000000000000000e+00 1.000000000000000e+00 1.000000000000000e+00
xras   = -1.000000000000000e+00 0.000000000000000e+00 0.000000000000000e+00
yras   = 0.000000000000000e+00 0.000000000000000e+00 -1.000000000000000e+00
zras   = 0.000000000000000e+00 1.000000000000000e+00 0.000000000000000e+00
cras   = 0.000000000000000e+00 0.000000000000000e+00 0.000000000000000e+00
