# transform file /localscratch/bpinsard.41394454.0/freesurfer_crosssectional_autorecon1smriprep_skullstripautorecon2autorecon3_sub02_ses014.job/sub-02_ses-014/mri/transforms/cc_up.lta
# created by bpinsard on Thu Oct  5 15:58:29 2023

type      = 0 # LINEAR_VOX_TO_VOX
nxforms   = 1
mean      = 162.0000 177.0000 137.0000
sigma     = 10000.0000
1 4 4
9.994761347770691e-01 -2.090507000684738e-02 -2.470339275896549e-02 -2.569702911376953e+01 
2.089868672192097e-02 9.997814297676086e-01 -5.165390321053565e-04 -3.326919174194336e+01 
2.470879256725311e-02 -5.820765397457350e-11 9.996946454048157e-01 2.406342506408691e+01 
0.000000000000000e+00 0.000000000000000e+00 0.000000000000000e+00 1.000000000000000e+00 
src volume info
valid = 1  # volume info valid
filename = /localscratch/bpinsard.41394454.0/freesurfer_crosssectional_autorecon1smriprep_skullstripautorecon2autorecon3_sub02_ses014.job/sub-02_ses-014/mri/norm.mgz
volume = 320 320 320
voxelsize = 8.000000119209290e-01 8.000000119209290e-01 8.000000119209290e-01
xras   = -9.999998807907104e-01 7.707967597525567e-10 0.000000000000000e+00
yras   = 0.000000000000000e+00 0.000000000000000e+00 -9.999999403953552e-01
zras   = 3.886384547513444e-09 9.999998807907104e-01 -7.275957614183426e-11
cras   = 4.610557556152344e+00 2.534001159667969e+01 2.956695556640625e+00
dst volume info
valid = 1  # volume info valid
filename = /localscratch/bpinsard.41394454.0/freesurfer_crosssectional_autorecon1smriprep_skullstripautorecon2autorecon3_sub02_ses014.job/sub-02_ses-014/mri/norm.mgz
volume = 320 320 320
voxelsize = 8.000000119209290e-01 8.000000119209290e-01 8.000000119209290e-01
xras   = -9.999998807907104e-01 7.707967597525567e-10 0.000000000000000e+00
yras   = 0.000000000000000e+00 0.000000000000000e+00 -9.999999403953552e-01
zras   = 3.886384547513444e-09 9.999998807907104e-01 -7.275957614183426e-11
cras   = 4.610557556152344e+00 2.534001159667969e+01 2.956695556640625e+00
