# transform file transforms/talairach.lta
# created by bpinsard on Thu Oct  5 13:20:32 2023

type      = 0 # LINEAR_VOX_TO_VOX
nxforms   = 1
mean      = 157.0000 121.0000 146.0000
sigma     = 10000.0000
1 4 4
8.244544267654419e-01 5.479341000318527e-02 -4.853302612900734e-02 -4.733483314514160e+00 
-4.996255040168762e-02 9.054332971572876e-01 3.670405596494675e-02 1.555837535858154e+01 
4.290914162993431e-02 -3.546604141592979e-02 8.120124936103821e-01 -1.182925415039062e+01 
0.000000000000000e+00 0.000000000000000e+00 0.000000000000000e+00 1.000000000000000e+00 
src volume info
valid = 1  # volume info valid
filename = nu.mgz
volume = 320 320 320
voxelsize = 7.999954223632812e-01 7.999954223632812e-01 7.999954223632812e-01
xras   = -1.000000000000000e+00 0.000000000000000e+00 0.000000000000000e+00
yras   = 0.000000000000000e+00 0.000000000000000e+00 -1.000000000000000e+00
zras   = 0.000000000000000e+00 1.000000000000000e+00 0.000000000000000e+00
cras   = -2.019500732421875e-01 2.186532592773438e+01 1.685562133789062e+00
dst volume info
valid = 1  # volume info valid
filename = /opt/freesurfer/average/RB_all_2020-01-02.gca
volume = 256 256 256
voxelsize = 1.000000000000000e+00 1.000000000000000e+00 1.000000000000000e+00
xras   = -1.000000000000000e+00 0.000000000000000e+00 0.000000000000000e+00
yras   = 0.000000000000000e+00 0.000000000000000e+00 -1.000000000000000e+00
zras   = 0.000000000000000e+00 1.000000000000000e+00 0.000000000000000e+00
cras   = 0.000000000000000e+00 0.000000000000000e+00 0.000000000000000e+00
