# transform file /localscratch/bpinsard.41394498.0/freesurfer_crosssectional_autorecon1smriprep_skullstripautorecon2autorecon3_sub06_ses013.job/sub-06_ses-013/mri/transforms/cc_up.lta
# created by bpinsard on Thu Oct  5 16:47:03 2023

type      = 0 # LINEAR_VOX_TO_VOX
nxforms   = 1
mean      = 161.0000 123.0000 156.0000
sigma     = 10000.0000
1 4 4
9.990659952163696e-01 -8.843727409839630e-03 4.229616373777390e-02 -3.652181625366211e+01 
8.835813030600548e-03 9.999608993530273e-01 3.740703687071800e-04 2.353208732604980e+01 
-4.229781776666641e-02 2.910383045673370e-11 9.991050958633423e-01 2.928075790405273e+00 
0.000000000000000e+00 0.000000000000000e+00 0.000000000000000e+00 1.000000000000000e+00 
src volume info
valid = 1  # volume info valid
filename = /localscratch/bpinsard.41394498.0/freesurfer_crosssectional_autorecon1smriprep_skullstripautorecon2autorecon3_sub06_ses013.job/sub-06_ses-013/mri/norm.mgz
volume = 320 320 320
voxelsize = 8.000000119209290e-01 8.000000119209290e-01 8.000000119209290e-01
xras   = -1.000000119209290e+00 0.000000000000000e+00 0.000000000000000e+00
yras   = 0.000000000000000e+00 0.000000000000000e+00 -1.000000000000000e+00
zras   = 0.000000000000000e+00 1.000000000000000e+00 0.000000000000000e+00
cras   = 1.365432739257812e+00 1.333250427246094e+01 -9.908325195312500e+00
dst volume info
valid = 1  # volume info valid
filename = /localscratch/bpinsard.41394498.0/freesurfer_crosssectional_autorecon1smriprep_skullstripautorecon2autorecon3_sub06_ses013.job/sub-06_ses-013/mri/norm.mgz
volume = 320 320 320
voxelsize = 8.000000119209290e-01 8.000000119209290e-01 8.000000119209290e-01
xras   = -1.000000119209290e+00 0.000000000000000e+00 0.000000000000000e+00
yras   = 0.000000000000000e+00 0.000000000000000e+00 -1.000000000000000e+00
zras   = 0.000000000000000e+00 1.000000000000000e+00 0.000000000000000e+00
cras   = 1.365432739257812e+00 1.333250427246094e+01 -9.908325195312500e+00
