type      = 1 # LINEAR_RAS_TO_RAS
nxforms   = 1
mean      = 0.0000 0.0000 0.0000
sigma     = 1.0000
1 4 4
1.062098145484924e+00 -8.705757558345795e-03 -4.546350240707397e-02 -2.957458734512329e+00 
2.477490715682507e-02 9.340342283248901e-01 3.999231457710266e-01 -1.921175384521484e+01 
3.847376257181168e-02 -4.203224182128906e-01 9.792939424514771e-01 1.338665008544922e+01 
0.000000000000000e+00 0.000000000000000e+00 0.000000000000000e+00 1.000000000000000e+00 
src volume info
valid = 1  # volume info valid
filename = /localscratch/bpinsard.41394453.0/freesurfer_crosssectional_autorecon1smriprep_skullstripautorecon2autorecon3_sub02_ses013.job/sub-02_ses-013/mri/orig_nu.mgz
volume = 320 320 320
voxelsize = 8.000000119209290e-01 8.000000119209290e-01 8.000000119209290e-01
xras   = -1.000000000000000e+00 0.000000000000000e+00 -4.656612873077393e-09
yras   = -4.656612873077393e-09 0.000000000000000e+00 -1.000000119209290e+00
zras   = 0.000000000000000e+00 1.000000000000000e+00 0.000000000000000e+00
cras   = 1.646102905273438e+00 2.231811523437500e+01 -1.332522583007812e+01
dst volume info
valid = 1  # volume info valid
filename = /opt/freesurfer/mni/bin/../share/mni_autoreg/average_305.mnc
volume = 172 220 156
voxelsize = 1.000000000000000e+00 1.000000000000000e+00 1.000000000000000e+00
xras   = 1.000000000000000e+00 0.000000000000000e+00 0.000000000000000e+00
yras   = 0.000000000000000e+00 1.000000000000000e+00 0.000000000000000e+00
zras   = 0.000000000000000e+00 0.000000000000000e+00 1.000000000000000e+00
cras   = -9.499999880790710e-02 -1.651000022888184e+01 9.750000000000000e+00
subject fsaverage
fscale 0.100000
