# transform file transforms/talairach_with_skull.lta
# created by bpinsard on Thu Oct  5 12:48:31 2023

type      = 0 # LINEAR_VOX_TO_VOX
nxforms   = 1
mean      = 161.0000 181.0000 142.0000
sigma     = 10000.0000
1 4 4
8.100544214248657e-01 -5.015945062041283e-02 1.911599002778530e-02 1.319090366363525e+00 
2.953152544796467e-02 7.498914599418640e-01 3.236339986324310e-01 -4.133386993408203e+01 
-3.520753979682922e-02 -3.724409639835358e-01 7.956762313842773e-01 6.146073150634766e+01 
0.000000000000000e+00 0.000000000000000e+00 0.000000000000000e+00 1.000000000000000e+00 
src volume info
valid = 1  # volume info valid
filename = nu.mgz
volume = 320 320 320
voxelsize = 8.000000119209290e-01 8.000000119209290e-01 8.000000119209290e-01
xras   = -1.000000000000000e+00 0.000000000000000e+00 -4.656612873077393e-09
yras   = -4.656612873077393e-09 0.000000000000000e+00 -1.000000119209290e+00
zras   = 0.000000000000000e+00 1.000000000000000e+00 0.000000000000000e+00
cras   = 1.646102905273438e+00 2.231811523437500e+01 -1.332522583007812e+01
dst volume info
valid = 1  # volume info valid
filename = /opt/freesurfer/average/RB_all_withskull_2020_01_02.gca
volume = 256 256 256
voxelsize = 1.000000000000000e+00 1.000000000000000e+00 1.000000000000000e+00
xras   = -1.000000000000000e+00 0.000000000000000e+00 0.000000000000000e+00
yras   = 0.000000000000000e+00 0.000000000000000e+00 -1.000000000000000e+00
zras   = 0.000000000000000e+00 1.000000000000000e+00 0.000000000000000e+00
cras   = 0.000000000000000e+00 0.000000000000000e+00 0.000000000000000e+00
