# transform file /localscratch/bpinsard.41537206.0/freesurfer_longitudinal_autoreconall_sub05.job/sub-05_ses-008.long.sub-05/mri/transforms/cc_up.lta
# created by bpinsard on Sat Oct 14 04:57:04 2023

type      = 0 # LINEAR_VOX_TO_VOX
nxforms   = 1
mean      = 160.0000 166.0000 170.0000
sigma     = 10000.0000
1 4 4
9.999354481697083e-01 9.910959051921964e-04 -1.131907943636179e-02 -2.959405899047852e+01 
-9.910323424264789e-04 9.999995231628418e-01 1.121829791372875e-05 -1.684387588500977e+01 
1.131908502429724e-02 0.000000000000000e+00 9.999359250068665e-01 -9.791020393371582e+00 
0.000000000000000e+00 0.000000000000000e+00 0.000000000000000e+00 1.000000000000000e+00 
src volume info
valid = 1  # volume info valid
filename = /localscratch/bpinsard.41537206.0/freesurfer_longitudinal_autoreconall_sub05.job/sub-05_ses-008.long.sub-05/mri/norm.mgz
volume = 320 320 320
voxelsize = 8.000000119209290e-01 8.000000119209290e-01 8.000000119209290e-01
xras   = -1.000000000000000e+00 0.000000000000000e+00 0.000000000000000e+00
yras   = 0.000000000000000e+00 0.000000000000000e+00 -1.000000000000000e+00
zras   = 0.000000000000000e+00 1.000000000000000e+00 0.000000000000000e+00
cras   = -2.421693563461304e+00 3.640967845916748e+00 1.867736244201660e+01
dst volume info
valid = 1  # volume info valid
filename = /localscratch/bpinsard.41537206.0/freesurfer_longitudinal_autoreconall_sub05.job/sub-05_ses-008.long.sub-05/mri/norm.mgz
volume = 320 320 320
voxelsize = 8.000000119209290e-01 8.000000119209290e-01 8.000000119209290e-01
xras   = -1.000000000000000e+00 0.000000000000000e+00 0.000000000000000e+00
yras   = 0.000000000000000e+00 0.000000000000000e+00 -1.000000000000000e+00
zras   = 0.000000000000000e+00 1.000000000000000e+00 0.000000000000000e+00
cras   = -2.421693563461304e+00 3.640967845916748e+00 1.867736244201660e+01
