# transform file /localscratch/bpinsard.41394466.0/freesurfer_crosssectional_autorecon1smriprep_skullstripautorecon2autorecon3_sub03_ses012.job/sub-03_ses-012/mri/transforms/cc_up.lta
# created by bpinsard on Thu Oct  5 16:14:44 2023

type      = 0 # LINEAR_VOX_TO_VOX
nxforms   = 1
mean      = 157.0000 126.0000 140.0000
sigma     = 10000.0000
1 4 4
9.999781250953674e-01 -2.285283757373691e-03 -6.205795332789421e-03 -2.704524040222168e+01 
2.285239752382040e-03 9.999973773956299e-01 -1.418204010406043e-05 2.364311599731445e+01 
6.205811630934477e-03 0.000000000000000e+00 9.999807476997375e-01 1.202790164947510e+01 
0.000000000000000e+00 0.000000000000000e+00 0.000000000000000e+00 1.000000000000000e+00 
src volume info
valid = 1  # volume info valid
filename = /localscratch/bpinsard.41394466.0/freesurfer_crosssectional_autorecon1smriprep_skullstripautorecon2autorecon3_sub03_ses012.job/sub-03_ses-012/mri/norm.mgz
volume = 320 320 320
voxelsize = 7.999954223632812e-01 7.999954223632812e-01 7.999954223632812e-01
xras   = -1.000000000000000e+00 0.000000000000000e+00 0.000000000000000e+00
yras   = 0.000000000000000e+00 0.000000000000000e+00 -1.000000000000000e+00
zras   = 0.000000000000000e+00 1.000000000000000e+00 0.000000000000000e+00
cras   = -2.019500732421875e-01 2.593258666992188e+01 -1.390560913085938e+01
dst volume info
valid = 1  # volume info valid
filename = /localscratch/bpinsard.41394466.0/freesurfer_crosssectional_autorecon1smriprep_skullstripautorecon2autorecon3_sub03_ses012.job/sub-03_ses-012/mri/norm.mgz
volume = 320 320 320
voxelsize = 7.999954223632812e-01 7.999954223632812e-01 7.999954223632812e-01
xras   = -1.000000000000000e+00 0.000000000000000e+00 0.000000000000000e+00
yras   = 0.000000000000000e+00 0.000000000000000e+00 -1.000000000000000e+00
zras   = 0.000000000000000e+00 1.000000000000000e+00 0.000000000000000e+00
cras   = -2.019500732421875e-01 2.593258666992188e+01 -1.390560913085938e+01
