# transform file transforms/talairach_with_skull.lta
# created by bpinsard on Thu Oct  5 12:43:35 2023

type      = 0 # LINEAR_VOX_TO_VOX
nxforms   = 1
mean      = 160.0000 172.0000 143.0000
sigma     = 10000.0000
1 4 4
9.266930818557739e-01 1.793532446026802e-02 -2.011990360915661e-02 -2.267704391479492e+01 
-1.462735235691071e-02 8.700456023216248e-01 1.583400517702103e-01 -9.121406555175781e+00 
2.100231125950813e-02 -1.554754227399826e-01 8.525534272193909e-01 4.364094257354736e+00 
0.000000000000000e+00 0.000000000000000e+00 0.000000000000000e+00 1.000000000000000e+00 
src volume info
valid = 1  # volume info valid
filename = nu.mgz
volume = 320 320 320
voxelsize = 7.999954223632812e-01 7.999954223632812e-01 7.999954223632812e-01
xras   = -1.000000000000000e+00 0.000000000000000e+00 0.000000000000000e+00
yras   = 0.000000000000000e+00 0.000000000000000e+00 -1.000000000000000e+00
zras   = 0.000000000000000e+00 1.000000000000000e+00 0.000000000000000e+00
cras   = -2.019500732421875e-01 2.593258666992188e+01 -1.390560913085938e+01
dst volume info
valid = 1  # volume info valid
filename = /opt/freesurfer/average/RB_all_withskull_2020_01_02.gca
volume = 256 256 256
voxelsize = 1.000000000000000e+00 1.000000000000000e+00 1.000000000000000e+00
xras   = -1.000000000000000e+00 0.000000000000000e+00 0.000000000000000e+00
yras   = 0.000000000000000e+00 0.000000000000000e+00 -1.000000000000000e+00
zras   = 0.000000000000000e+00 1.000000000000000e+00 0.000000000000000e+00
cras   = 0.000000000000000e+00 0.000000000000000e+00 0.000000000000000e+00
